       x:             approx:          exact:       relative error
     0.10000000     0.43307997     0.53212510    -0.73018064
     0.10000000     0.49828051     0.53212510     -1.1965244
     0.20000000     0.62868157     0.66467380     -1.2663998
     0.30000000     0.62374735     0.65022655     -1.3901598
     0.40000000     0.56902606     0.58170252     -1.6617030
     0.50000000     0.49598914     0.49328475     -2.2610294
     0.60000000     0.41621426     0.39754849     -1.3283441
     0.70000000     0.33396064     0.29911990    -0.93375794
     0.80000000     0.25079513     0.19970086    -0.59200771
     0.90000000     0.16729416    0.099917450    -0.17113154
