temp                Eavg                Heatcapacity            Maverage                Susceptibility      Mabsaverge          exetime             
2.200		-1.559688		1.213085		0.805451		1.934420		0.805451		1.15625
2.201		-1.559281		1.122571		-0.808332		1.545252		0.808332		0.84375
2.202		-1.541047		1.350903		0.786068		2.772151		0.786068		0.75
2.203		-1.534829		1.935686		0.739382		17.223347		0.751893		0.796875
2.204		-1.546575		1.397618		0.792423		2.799425		0.792423		0.765625
2.205		-1.544089		1.257661		0.788484		3.164403		0.788484		0.75
2.206		-1.527403		2.256721		0.354982		22.769319		0.741732		0.765625
2.207		-1.544301		1.165597		0.795631		1.987754		0.795631		0.765625
2.208		-1.539309		1.411757		0.776550		5.105793		0.776550		0.71875
2.209		-1.513038		2.087540		0.710922		24.724489		0.710970		0.765625
2.210		-1.532466		1.411622		0.773875		4.297183		0.773875		0.796875
2.211		-1.522959		1.358819		0.765024		3.610196		0.765024		0.78125
2.212		-1.536486		1.256658		0.786790		2.248957		0.786790		0.75
2.213		-1.532685		1.377362		0.781300		2.831731		0.781300		0.75
2.214		-1.534163		1.647257		0.780941		4.502892		0.780941		0.765625
2.215		-1.528347		1.456123		0.775734		3.425718		0.775734		0.765625
2.216		-1.528102		1.273117		0.779502		2.594209		0.779502		0.765625
2.217		-1.528405		1.279081		0.779905		2.210844		0.779905		0.765625
2.218		-1.517145		1.414527		0.759439		4.135570		0.759439		0.765625
2.219		-1.519126		1.395217		0.767332		3.834002		0.767332		0.765625
2.220		-1.499987		1.880571		0.711352		12.485761		0.711352		0.765625
2.221		-1.491851		1.618226		0.718690		6.740636		0.718690		0.796875
2.222		-1.521389		1.417431		0.772717		2.890972		0.772717		0.765625
2.223		-1.516995		1.551753		0.757918		4.756685		0.757918		0.75
2.224		-1.515041		1.396379		0.764742		3.245698		0.764742		0.765625
2.225		-1.512249		1.514889		0.755126		4.449992		0.755126		0.828125
2.226		-1.515399		1.614977		0.761989		4.555220		0.761989		0.765625
2.227		-1.497156		1.815445		0.707998		20.298277		0.708017		0.765625
2.228		-1.504977		1.703172		0.743223		7.962736		0.743223		0.796875
2.229		-1.512458		1.416311		-0.764073		3.512068		0.764073		0.765625
2.230		-1.511815		1.391164		0.763817		3.802997		0.763817		0.796875
2.231		-1.490507		1.838300		0.701993		15.841081		0.701993		0.828125
2.232		-1.500777		1.459596		0.749856		3.720129		0.749856		0.796875
2.233		-1.505529		1.378739		0.755603		3.689155		0.755603		0.75
2.234		-1.499411		1.398894		0.735477		6.819259		0.735477		0.796875
2.235		-1.485258		1.766510		0.718603		7.388930		0.718603		0.765625
2.236		-1.486928		1.518439		0.719609		6.826837		0.719609		0.765625
2.237		-1.476458		1.601853		0.704539		7.963282		0.704539		0.765625
2.238		-1.489072		1.669426		0.741908		4.859432		0.741908		0.78125
2.239		-1.504119		1.303904		0.760114		2.645131		0.760114		0.765625
2.240		-1.489240		1.649454		0.721058		8.569118		0.721058		0.765625
2.241		-1.479101		1.758853		0.714110		8.431490		0.714110		0.765625
2.242		-1.469952		1.872731		0.678352		16.256051		0.678352		0.765625
2.243		-1.473922		1.805874		0.697000		10.914823		0.697000		0.828125
2.244		-1.479907		1.717601		0.717946		7.602236		0.717946		0.75
2.245		-1.481379		1.528179		0.731842		4.867012		0.731842		0.78125
2.246		-1.468830		1.585320		0.699480		8.357456		0.699480		0.859375
2.247		-1.485217		1.569932		0.735162		4.672923		0.735162		0.796875
2.248		-1.484537		1.462626		0.739001		3.847004		0.739001		0.765625
2.249		-1.487377		1.385223		0.741893		4.128047		0.741893		0.796875
2.250		-1.468145		1.571964		0.697301		11.511153		0.697301		0.8125
2.251		-1.484128		1.256857		0.746048		2.659041		0.746048		0.796875
2.252		-1.458481		1.936497		0.671830		13.695519		0.671830		0.796875
2.253		-1.467626		2.263743		-0.364100		15.496217		0.702057		0.75
2.254		-1.476565		1.502425		-0.721617		7.863513		0.721617		0.8125
2.255		-1.456899		1.849695		0.678516		14.479588		0.678516		0.765625
2.256		-1.442990		1.987475		0.643863		19.767434		0.647698		0.765625
2.257		-1.446960		2.153255		-0.641568		26.096705		0.647123		0.78125
2.258		-1.455585		1.901354		0.680822		11.314840		0.680822		0.796875
2.259		-1.402085		2.443205		0.348466		42.047449		0.508488		0.765625
2.260		-1.441808		1.719931		0.665831		9.264991		0.665831		0.765625
2.261		-1.462705		1.710763		0.705305		9.789584		0.705305		0.78125
2.262		-1.464562		1.765548		0.706491		12.603808		0.706493		0.828125
2.263		-1.430559		1.667396		0.641396		12.194622		0.641396		0.765625
2.264		-1.465222		1.592324		0.727301		4.104964		0.727301		0.765625
2.265		-1.456603		1.564126		0.708618		7.001630		0.708618		0.78125
2.266		-1.373699		2.413254		-0.225881		48.448690		0.413193		0.890625
2.267		-1.424691		2.091736		0.619028		22.723264		0.619030		0.765625
2.268		-1.439750		1.643644		0.674524		9.213818		0.674524		0.765625
2.269		-1.446096		2.001202		0.679610		11.582964		0.679610		0.8125
2.270		-1.426662		1.745317		0.631290		18.916438		0.631290		0.78125
2.271		-1.444498		1.548417		0.702481		4.943480		0.702481		0.828125
2.272		-1.426354		1.949861		-0.576306		25.710577		0.619433		0.796875
2.273		-1.413559		1.878506		-0.588754		27.681479		0.597051		0.796875
2.274		-1.436186		1.600545		-0.672292		9.950575		0.672292		0.765625
2.275		-1.403645		1.685419		0.592605		22.185178		0.592619		0.765625
2.276		-1.399655		2.368275		0.028113		37.486378		0.546436		0.796875
2.277		-1.432798		1.794971		-0.663830		10.217014		0.663830		0.75
2.278		-1.402276		2.133830		-0.428930		28.151917		0.573310		0.796875
2.279		-1.412502		1.781832		0.610642		20.826066		0.610896		0.765625
2.280		-1.400014		1.740978		-0.568261		23.885358		0.573576		0.796875
2.281		-1.399098		2.103334		-0.561888		27.993687		0.562842		0.78125
2.282		-1.381852		1.858360		0.483122		35.626171		0.517661		0.796875
2.283		-1.408220		1.672313		-0.617654		14.082735		0.617654		0.765625
2.284		-1.432733		1.387626		0.690514		5.280867		0.690514		0.78125
2.285		-1.393085		1.883770		-0.598222		19.299200		0.598276		0.75
2.286		-1.411465		1.823834		0.640566		11.613227		0.640566		0.78125
2.287		-1.422184		1.518961		0.674941		7.481377		0.674941		0.765625
2.288		-1.387231		2.263286		0.206002		34.240742		0.547444		0.765625
2.289		-1.412158		1.601485		0.631247		17.367617		0.631282		0.765625
2.290		-1.382914		2.317458		0.152194		32.426636		0.549098		0.796875
2.291		-1.374514		2.026690		-0.511039		33.175443		0.524700		0.765625
2.292		-1.384106		2.298449		0.378249		30.438065		0.555659		0.796875
2.293		-1.372073		2.342302		0.479185		39.843687		0.502530		0.75
2.294		-1.399345		2.026993		-0.614072		18.823511		0.616895		0.78125
2.295		-1.375264		1.567310		-0.278437		23.207712		0.531428		0.765625
2.296		-1.381747		1.922455		0.292455		27.053495		0.570931		0.78125
2.297		-1.350380		1.957698		0.201926		34.030767		0.466343		0.78125
2.298		-1.369430		1.961160		0.512784		26.716547		0.536484		0.78125
2.299		-1.377034		1.716343		-0.541589		22.018047		0.541589		0.78125
2.300		-1.360589		1.859784		0.508737		25.472403		0.509519		0.796875
2.301		-1.359676		2.025754		-0.467314		38.026731		0.481764		0.765625
2.302		-1.357922		2.082550		-0.457133		26.729012		0.509752		0.796875
2.303		-1.340437		1.694191		0.132883		27.424212		0.458560		0.828125
2.304		-1.370065		1.732815		-0.215430		24.474189		0.546624		0.796875
2.305		-1.364530		2.022987		0.279767		23.759944		0.550475		0.765625
2.306		-1.318014		1.823923		-0.065743		36.272969		0.332713		0.765625
2.307		-1.349111		1.743185		0.027179		29.110457		0.477149		0.78125
2.308		-1.337867		2.325442		0.441667		33.701522		0.467686		0.796875
2.309		-1.351627		1.749576		0.385128		28.037789		0.493117		0.765625
2.310		-1.315965		1.863200		-0.222614		36.138225		0.396392		0.78125
2.311		-1.373733		1.733866		0.589900		12.931638		0.589900		0.78125
2.312		-1.372655		1.638684		0.563711		13.505880		0.591704		0.765625
2.313		-1.347337		2.174539		-0.511693		25.212572		0.511693		0.8125
2.314		-1.369675		1.668446		0.579485		13.494738		0.579485		0.8125
2.315		-1.346816		1.988434		0.458790		33.111477		0.496928		0.78125
2.316		-1.325250		2.251849		0.327717		39.069756		0.420940		0.828125
2.317		-1.305566		1.523246		0.303847		31.993297		0.325969		0.8125
2.318		-1.327946		1.807617		0.456553		29.564751		0.458389		0.78125
2.319		-1.337028		1.562786		0.231188		24.191599		0.487025		0.796875
2.320		-1.353175		1.789467		-0.551366		19.303838		0.553909		0.78125
2.321		-1.305857		1.686034		-0.339466		32.592745		0.350395		0.8125
2.322		-1.341402		1.773868		-0.506293		19.508679		0.534232		0.78125
2.323		-1.314963		1.567739		0.111695		26.379364		0.428558		0.78125
2.324		-1.330990		1.667874		-0.124657		29.650229		0.462445		0.78125
2.325		-1.350721		1.752029		-0.565001		17.634616		0.566109		0.828125
2.326		-1.316506		1.916140		0.380464		34.997779		0.406997		0.78125
2.327		-1.328051		1.836995		-0.210089		27.399178		0.486742		0.78125
2.328		-1.332117		1.945332		0.457283		33.162975		0.467671		0.796875
2.329		-1.311102		1.581575		0.072753		24.793345		0.424001		0.765625
2.330		-1.298830		1.492707		-0.331359		25.347930		0.367115		0.796875
2.331		-1.312436		1.625500		-0.309521		33.129953		0.388572		0.78125
2.332		-1.313320		1.601599		-0.162569		23.523207		0.445287		0.796875
2.333		-1.271638		1.382613		-0.209206		27.413942		0.253210		0.75
2.334		-1.303619		1.534243		0.291418		27.183484		0.400195		0.828125
2.335		-1.295678		1.818918		0.013397		34.894852		0.358830		0.78125
2.336		-1.268047		1.275382		0.179781		23.485784		0.251800		0.828125
2.337		-1.315978		1.582738		0.082141		25.590487		0.470759		0.78125
2.338		-1.297165		1.692009		-0.310280		30.187920		0.398102		0.828125
2.339		-1.273187		1.518313		-0.027977		27.704829		0.310029		0.78125
2.340		-1.298226		1.506846		-0.432237		18.778494		0.433762		0.828125
2.341		-1.300308		1.557852		0.265200		24.333343		0.427050		0.796875
2.342		-1.294833		1.532405		0.080271		30.414847		0.389109		0.828125
2.343		-1.273082		1.425342		0.104259		30.614985		0.293628		0.78125
2.344		-1.264724		1.346726		-0.053788		23.815166		0.269327		0.8125
2.345		-1.278544		1.596572		0.258165		28.695075		0.372715		0.78125
2.346		-1.268890		1.612822		0.296366		29.230624		0.332020		0.8125
2.347		-1.287191		1.817285		0.062732		34.765745		0.361409		0.796875
2.348		-1.289729		1.902172		0.101404		31.164346		0.402280		0.8125
2.349		-1.286736		1.685274		0.320658		30.885231		0.381009		0.78125
2.350		-1.300376		1.706394		0.408394		29.232604		0.420717		0.78125
2.351		-1.278352		1.636537		-0.242928		25.559907		0.398882		0.828125
2.352		-1.262287		1.325996		0.031512		24.268543		0.337647		0.796875
2.353		-1.279587		1.674279		-0.155990		23.613369		0.412779		0.78125
2.354		-1.256711		1.224569		0.105605		24.114358		0.264614		0.78125
2.355		-1.267799		1.570834		0.267808		24.091819		0.361631		0.78125
2.356		-1.267660		1.401614		-0.047051		25.956098		0.316908		0.8125
2.357		-1.269478		1.583898		-0.089957		27.509071		0.350350		0.78125
2.358		-1.272436		1.497065		-0.205277		27.384475		0.377287		0.78125
2.359		-1.257943		1.690360		0.150832		28.253490		0.264728		0.859375
2.360		-1.254983		1.484458		0.082252		27.273582		0.313921		0.765625
2.361		-1.254270		1.675059		0.190757		21.953734		0.322799		0.828125
2.362		-1.257825		1.322191		-0.010874		24.490501		0.309298		0.796875
2.363		-1.260441		1.688633		0.239902		30.293135		0.333624		0.78125
2.364		-1.261994		1.424154		0.358544		22.511180		0.368864		0.796875
2.365		-1.250483		1.387623		0.218653		21.409486		0.298037		0.796875
2.366		-1.245546		1.412776		-0.016176		26.513749		0.305069		0.921875
2.367		-1.259537		1.633214		0.056383		30.393411		0.345378		0.828125
2.368		-1.258238		1.807718		0.249133		30.763409		0.348505		0.875
2.369		-1.274027		1.476299		-0.277881		22.244263		0.423347		0.859375
2.370		-1.240733		1.551949		0.257980		24.458971		0.305264		0.828125
2.371		-1.241712		1.461826		-0.050100		26.215983		0.283136		0.828125
2.372		-1.236642		1.186289		0.199695		21.902473		0.277297		0.828125
2.373		-1.243981		1.450346		0.132690		23.466664		0.311326		0.828125
2.374		-1.236080		1.353925		-0.119027		21.089662		0.286870		0.828125
2.375		-1.235116		1.472660		-0.083799		24.161312		0.234296		0.828125
2.376		-1.239811		1.351231		-0.200714		26.361016		0.303917		0.859375
2.377		-1.230109		1.408311		0.032655		20.019262		0.290107		0.875
2.378		-1.230870		1.356698		-0.020719		24.819917		0.279195		0.90625
2.379		-1.223698		1.129952		0.056375		16.325248		0.239976		0.796875
2.380		-1.240877		1.494854		-0.077894		22.627266		0.355817		0.796875
2.381		-1.215447		1.088702		0.004791		16.216260		0.216055		0.8125
2.382		-1.236301		1.272819		-0.256458		18.344805		0.328923		0.84375
2.383		-1.237576		1.513793		-0.097584		23.196053		0.326434		0.8125
2.384		-1.222629		1.157038		-0.088093		15.367881		0.238788		0.828125
2.385		-1.238040		1.418801		-0.193825		24.873024		0.340499		0.859375
2.386		-1.212223		1.293399		-0.058101		13.660073		0.204788		0.8125
2.387		-1.216873		1.167287		0.149017		17.894659		0.273280		0.84375
2.388		-1.229304		1.439629		-0.011536		27.303149		0.265719		0.8125
2.389		-1.220237		1.226323		0.042588		19.209690		0.293320		0.8125
2.390		-1.206835		1.258841		-0.096898		14.822060		0.222987		0.828125
2.391		-1.212694		1.300401		-0.126110		19.743689		0.248869		0.8125
2.392		-1.202989		1.133792		0.010581		14.383312		0.215168		0.84375
2.393		-1.219895		1.339105		0.086093		19.859660		0.284353		0.78125
2.394		-1.204626		1.156399		0.112660		19.469180		0.224024		0.828125
2.395		-1.206253		1.133400		0.112796		13.618905		0.207228		0.90625
2.396		-1.210249		1.452605		0.131304		22.639262		0.261310		0.796875
2.397		-1.211538		1.156579		0.172984		16.751599		0.269806		0.890625
2.398		-1.208643		1.300178		0.082931		17.736811		0.265468		0.84375
2.399		-1.217005		1.306242		-0.008240		19.282872		0.324451		0.796875
