temp                Eavg                Heatcapacity            Maverage                Susceptibility      Mabsaverge          exetime             
2.200		-1.545383		1.553686		0.775728		9.357592		0.775728		3.359375
2.201		-1.549413		1.099740		0.792045		2.126021		0.792045		3.03125
2.202		-1.545930		1.393809		0.787518		3.767137		0.787518		3.109375
2.203		-1.549456		1.373465		0.797994		2.278393		0.797994		3.3125
2.204		-1.526911		1.933112		0.729016		25.174630		0.729016		3.09375
2.205		-1.539078		1.507203		0.776500		4.806029		0.776500		3.078125
2.206		-1.540400		1.528039		0.782151		4.581394		0.782151		3.140625
2.207		-1.538219		1.431326		0.780726		4.509254		0.780726		3.09375
2.208		-1.533806		1.665373		0.772380		6.211014		0.772380		3.09375
2.209		-1.540005		1.516093		0.782430		4.626513		0.782430		3.0
2.210		-1.527491		1.572083		0.757069		7.663123		0.757069		3.09375
2.211		-1.534049		1.395795		0.775573		3.621780		0.775573		2.953125
2.212		-1.536889		1.365968		0.785215		2.989614		0.785215		3.03125
2.213		-1.536030		1.542495		0.782825		4.594776		0.782825		3.015625
2.214		-1.523236		1.467923		0.752985		8.562903		0.752985		3.0
2.215		-1.527074		1.529455		0.767248		5.271160		0.767248		3.0625
2.216		-1.530569		1.419489		0.776447		4.596487		0.776447		3.015625
2.217		-1.525339		1.620045		0.767553		4.894027		0.767553		2.953125
2.218		-1.522388		1.383945		0.766780		3.979297		0.766780		2.96875
2.219		-1.522515		1.572809		0.767723		4.927012		0.767723		3.015625
2.220		-1.513127		1.258869		0.750331		4.092220		0.750331		2.984375
2.221		-1.512568		1.439025		0.754671		5.333255		0.754671		3.03125
2.222		-1.507639		1.510137		0.730016		17.713068		0.730016		2.984375
2.223		-1.515388		1.492989		0.761200		5.988969		0.761200		3.09375
2.224		-1.512608		1.426194		0.754244		4.468247		0.754244		3.015625
2.225		-1.504065		1.781560		0.735256		10.778476		0.735256		3.0625
2.226		-1.513769		1.585653		0.760731		3.973573		0.760731		3.015625
2.227		-1.501853		1.531565		0.734102		7.869495		0.734102		2.984375
2.228		-1.509363		1.539625		0.749290		6.743583		0.749290		3.0
2.229		-1.486122		2.078195		0.669707		36.853953		0.669707		3.03125
2.230		-1.488076		1.802911		0.701043		19.029841		0.701043		3.078125
2.231		-1.507052		1.304254		0.756116		3.685923		0.756116		3.046875
2.232		-1.488161		1.663871		0.703226		13.337562		0.703226		3.125
2.233		-1.488216		1.762972		0.713305		12.153369		0.713305		3.1875
2.234		-1.495336		1.410141		0.736436		5.845085		0.736436		3.0
2.235		-1.490520		1.802192		0.723621		10.484485		0.723621		3.03125
2.236		-1.484058		1.882886		0.712523		14.146964		0.712523		3.0625
2.237		-1.493340		1.615805		0.733745		6.601423		0.733745		3.0
2.238		-1.484388		2.066064		0.698411		22.229919		0.698411		2.984375
2.239		-1.492187		1.600348		0.730389		8.495228		0.730389		3.0625
2.240		-1.478901		2.257577		0.694838		25.116517		0.694838		3.0
2.241		-1.485693		1.506321		0.726073		5.728149		0.726073		3.0
2.242		-1.473189		1.869016		0.681047		22.706612		0.681047		2.984375
2.243		-1.475531		1.502442		0.700104		11.071039		0.700104		2.984375
2.244		-1.482409		1.586973		0.726176		6.000351		0.726176		2.96875
2.245		-1.470458		2.101181		0.676385		26.137606		0.676385		3.015625
2.246		-1.477793		1.432286		0.712751		9.654827		0.712751		3.046875
2.247		-1.466752		2.002140		0.673910		18.068760		0.673910		3.0
2.248		-1.474352		1.617922		0.716998		7.605896		0.716998		3.03125
2.249		-1.446022		2.078156		0.609540		29.182225		0.609540		3.0625
2.250		-1.477582		1.563411		0.727491		5.647464		0.727491		3.015625
2.251		-1.428689		3.018564		0.413680		179.695829		0.453979		3.109375
2.252		-1.453082		1.968562		0.644307		30.572925		0.644307		3.015625
2.253		-1.457077		2.122298		0.668695		23.108139		0.668695		3.09375
2.254		-1.447418		1.853800		0.633929		27.303130		0.633929		3.03125
2.255		-1.461467		1.593096		0.695105		8.536794		0.695105		3.09375
2.256		-1.458929		2.131241		0.686890		20.236920		0.686890		3.0
2.257		-1.455883		1.769206		0.686433		11.272257		0.686433		3.046875
2.258		-1.456619		2.400611		0.677695		26.126675		0.677695		3.03125
2.259		-1.458510		2.032193		0.691654		15.631478		0.691654		3.0
2.260		-1.455444		1.534144		0.692153		8.031075		0.692153		3.0625
2.261		-1.449862		1.762130		0.671329		12.886519		0.671329		2.96875
2.262		-1.453335		1.490319		0.687313		8.465535		0.687313		3.046875
2.263		-1.405271		2.474662		0.284129		204.795629		0.345456		3.015625
2.264		-1.440799		1.576491		0.670403		7.944395		0.670403		3.046875
2.265		-1.425754		2.094179		0.581373		50.215788		0.581373		3.203125
2.266		-1.435729		1.711578		0.643621		12.043867		0.643621		3.234375
2.267		-1.439655		1.589134		0.666080		11.439197		0.666080		3.40625
2.268		-1.437925		1.631792		0.667672		9.825230		0.667672		3.3125
2.269		-1.436046		1.859921		0.659775		14.614649		0.659775		3.15625
2.270		-1.423305		1.840741		0.610053		20.538685		0.610053		3.0625
2.271		-1.403080		2.465066		0.533435		68.907852		0.533435		3.109375
2.272		-1.367691		2.045693		-0.018018		66.322035		0.242808		3.0625
2.273		-1.404730		2.409974		0.532452		72.960116		0.532458		3.125
2.274		-1.412543		1.840278		0.589628		24.923669		0.589628		3.046875
2.275		-1.400796		2.597034		0.400995		184.541666		0.431033		3.046875
2.276		-1.419081		1.891130		0.627463		17.837725		0.627463		3.046875
2.277		-1.408765		2.620286		-0.584108		50.352737		0.584108		3.03125
2.278		-1.390279		2.141704		0.520929		35.975143		0.520929		3.03125
2.279		-1.419576		1.809279		0.641266		14.075230		0.641266		3.15625
2.280		-1.367763		1.444217		-0.213148		75.002901		0.260962		3.03125
2.281		-1.396651		2.456268		0.529677		56.364531		0.529677		3.0625
2.282		-1.378844		2.413547		0.332997		133.604922		0.404831		3.0625
2.283		-1.355074		1.553931		0.027421		36.756448		0.293323		3.03125
2.284		-1.382801		2.649817		0.414993		161.830905		0.419887		3.078125
2.285		-1.391262		2.224486		0.511706		82.150656		0.511706		3.046875
2.286		-1.366316		2.688373		-0.223587		162.169250		0.335390		3.03125
2.287		-1.396205		1.433511		0.585539		9.911490		0.585539		3.046875
2.288		-1.399073		2.180669		0.577469		39.661379		0.577469		3.03125
2.289		-1.398438		1.670055		0.593365		22.044940		0.593365		3.0625
2.290		-1.376911		2.070241		0.454547		69.885296		0.454547		3.046875
2.291		-1.350304		1.396449		0.194204		46.165437		0.256937		3.078125
2.292		-1.392216		2.264112		0.582801		27.563995		0.582801		3.03125
2.293		-1.341994		1.698316		0.038495		47.203718		0.244904		3.09375
2.294		-1.362256		2.424520		0.283803		123.158173		0.374533		3.046875
2.295		-1.363920		2.519085		0.364090		144.197171		0.391580		3.046875
2.296		-1.366858		3.026513		0.409556		126.507435		0.462993		3.078125
2.297		-1.366775		2.951272		0.427868		139.183190		0.429567		3.015625
2.298		-1.349482		1.969797		-0.276207		133.935973		0.336604		3.0625
2.299		-1.341923		1.365021		0.213845		82.783242		0.275890		3.078125
2.300		-1.352511		1.787141		-0.137668		85.185467		0.364505		3.0625
2.301		-1.349814		2.302190		0.372797		127.231126		0.385145		3.09375
2.302		-1.339975		1.808941		-0.242541		78.855315		0.348599		3.078125
2.303		-1.339173		2.125427		-0.215571		105.376148		0.340122		3.078125
2.304		-1.332028		1.868857		-0.200979		57.791371		0.331857		3.0625
2.305		-1.357727		2.061342		0.457439		68.412407		0.457439		3.09375
2.306		-1.322588		1.602560		0.132099		31.681532		0.159946		3.09375
2.307		-1.330102		2.020748		0.336295		91.810759		0.336386		3.078125
2.308		-1.350896		1.557171		0.490808		20.702248		0.490808		3.015625
2.309		-1.316085		1.871523		-0.040244		77.559225		0.169992		3.046875
2.310		-1.318125		1.639843		-0.149631		71.882676		0.215279		3.046875
2.311		-1.318312		1.706915		0.220563		90.017265		0.244265		3.046875
2.312		-1.326047		1.558426		0.273273		61.923498		0.317396		3.109375
2.313		-1.306846		1.575566		-0.008175		43.081107		0.183828		3.03125
2.314		-1.319441		1.555833		0.201825		84.559945		0.250509		3.109375
2.315		-1.321329		1.857561		0.352419		46.135308		0.352699		3.046875
2.316		-1.329458		2.142676		0.360298		103.432587		0.373264		3.078125
2.317		-1.324256		1.599428		-0.261603		65.347681		0.323841		3.046875
2.318		-1.313956		1.676953		-0.210959		88.244775		0.275161		3.046875
2.319		-1.302827		1.326054		-0.124531		23.808180		0.178803		3.0625
2.320		-1.302340		1.406919		-0.178012		44.976582		0.225082		3.078125
2.321		-1.314563		1.974767		0.305748		112.762151		0.320173		3.078125
2.322		-1.289002		1.281461		0.044739		21.475084		0.114768		3.0625
2.323		-1.310228		1.824686		0.130862		72.883995		0.347548		3.078125
2.324		-1.309400		1.644474		0.250544		65.244141		0.281397		3.0625
2.325		-1.303193		1.549551		-0.314381		44.956710		0.314381		3.140625
2.326		-1.310823		1.680256		0.270643		58.360311		0.275905		3.140625
2.327		-1.310903		1.740287		0.098580		64.144206		0.338440		3.046875
2.328		-1.309785		1.895669		0.352729		64.193378		0.352746		3.109375
2.329		-1.298255		1.561806		-0.039363		78.142147		0.250914		3.125
2.330		-1.288089		1.242051		0.078873		43.259341		0.189121		3.140625
2.331		-1.300979		1.493375		0.222662		82.721178		0.254772		3.046875
2.332		-1.287085		1.285942		0.056996		35.418616		0.185365		3.171875
2.333		-1.290556		1.467702		0.235448		61.122743		0.241118		3.078125
2.334		-1.284058		1.625482		0.150344		47.331793		0.178128		3.09375
2.335		-1.285869		1.369214		-0.092913		51.377901		0.249836		3.125
2.336		-1.290167		1.371022		0.185659		54.042239		0.268371		3.109375
2.337		-1.283712		1.543820		0.019698		59.084168		0.200182		3.140625
2.338		-1.286598		1.472487		-0.247898		56.934381		0.265353		3.1875
2.339		-1.294446		1.582520		0.128503		69.443722		0.334838		3.09375
2.340		-1.288208		1.616160		0.266467		74.740172		0.268135		3.078125
2.341		-1.280140		1.573672		-0.211186		56.566113		0.224318		3.140625
2.342		-1.287230		1.283882		-0.084865		58.720415		0.262140		3.09375
2.343		-1.284933		1.286909		-0.270737		53.911446		0.273199		3.109375
2.344		-1.267932		1.216215		0.126179		27.769434		0.154847		3.109375
2.345		-1.268460		1.311265		-0.009557		23.221145		0.105454		3.078125
2.346		-1.280283		1.345788		0.067410		54.061246		0.256084		3.171875
2.347		-1.267712		1.219950		0.051241		31.876846		0.175977		3.109375
2.348		-1.262703		1.377758		0.014834		37.107154		0.155257		3.09375
2.349		-1.267768		1.286624		0.102636		44.877364		0.217168		3.078125
2.350		-1.261599		1.282008		-0.053815		33.483577		0.185893		3.109375
2.351		-1.268080		1.594579		0.031817		58.591898		0.221962		3.046875
2.352		-1.259173		1.262487		0.167671		36.293711		0.222152		3.1875
2.353		-1.265487		1.466350		0.022021		56.664381		0.247633		3.28125
2.354		-1.261480		1.543031		-0.125593		45.217357		0.157405		3.21875
2.355		-1.262666		1.218064		-0.200460		37.717000		0.209780		3.3125
2.356		-1.258842		1.141218		-0.151849		31.183036		0.160932		3.171875
2.357		-1.246554		1.347190		-0.048788		40.655038		0.155011		3.171875
2.358		-1.254955		1.332413		0.059697		52.655166		0.173730		3.140625
2.359		-1.259494		1.337821		-0.164094		45.598639		0.217612		3.125
2.360		-1.247866		1.206626		0.008388		33.775316		0.203167		3.171875
2.361		-1.256057		1.499612		0.068246		69.089240		0.201999		3.140625
2.362		-1.256058		1.405668		-0.024336		55.822748		0.193253		3.109375
2.363		-1.243035		1.209166		0.065152		29.641924		0.131738		3.09375
2.364		-1.251028		1.214067		0.091259		44.134226		0.165380		3.078125
2.365		-1.249565		1.265656		-0.148753		38.386558		0.182163		3.09375
2.366		-1.242836		1.296975		-0.046221		29.880774		0.159302		3.140625
2.367		-1.232258		1.010732		0.022563		18.287265		0.111300		3.28125
2.368		-1.247297		1.328951		-0.150217		38.386813		0.208865		3.1875
2.369		-1.248536		1.464982		0.139048		36.156266		0.224089		3.171875
2.370		-1.236275		1.238116		0.023058		29.862612		0.163365		3.171875
2.371		-1.239395		1.297416		-0.145261		48.890675		0.176134		3.125
2.372		-1.239358		1.287679		0.099664		27.982261		0.148626		3.265625
2.373		-1.226164		1.186196		-0.009324		23.390344		0.136873		3.140625
2.374		-1.229510		1.085699		-0.063019		27.062508		0.148438		3.125
2.375		-1.231418		1.371536		-0.105258		40.441390		0.191726		3.171875
2.376		-1.231953		1.167697		-0.067550		21.077492		0.127502		3.3125
2.377		-1.229570		1.158150		0.001592		25.544852		0.119046		3.15625
2.378		-1.231067		1.149586		-0.073774		30.737089		0.145369		3.109375
2.379		-1.222281		1.104096		0.060659		29.418768		0.140405		3.203125
2.380		-1.232026		1.135504		-0.042091		13.403533		0.111621		3.15625
2.381		-1.225950		1.264185		0.063343		22.139991		0.133004		3.140625
2.382		-1.224961		1.083004		0.016807		17.368039		0.107157		3.15625
2.383		-1.221962		1.207521		0.104530		27.181833		0.129058		3.15625
2.384		-1.221844		1.238839		-0.009817		18.763471		0.135259		3.203125
2.385		-1.224108		1.182706		-0.067791		37.975956		0.147924		3.171875
2.386		-1.222694		1.106059		0.108568		30.289636		0.138570		3.21875
2.387		-1.218701		1.063415		-0.114532		33.911778		0.147672		3.109375
2.388		-1.223208		1.108133		-0.042360		39.299704		0.166555		3.265625
2.389		-1.214037		1.085115		0.013614		15.647710		0.099030		3.234375
2.390		-1.214364		1.135959		0.063379		29.964530		0.137132		3.203125
2.391		-1.206557		1.169615		0.010879		23.126346		0.134992		3.21875
2.392		-1.210466		1.054760		0.059335		16.135059		0.109523		3.1875
2.393		-1.214515		1.168943		-0.055583		27.020617		0.137165		3.296875
2.394		-1.214794		1.202557		0.053460		30.507106		0.175478		3.296875
2.395		-1.207510		1.167749		0.067756		23.372929		0.148820		3.28125
2.396		-1.211122		1.275240		0.071523		32.531898		0.139188		3.1875
2.397		-1.211776		1.268991		0.147079		30.557752		0.166461		3.25
2.398		-1.212329		1.209377		0.105165		44.715052		0.155699		3.21875
2.399		-1.203283		1.020302		-0.014092		16.208319		0.111812		3.296875
