n  spin_accpt	Ecalc	 Mabs_calc
1	0	-800	400
11	2	-800	400
21	9	-797.714286	399.238095
31	8	-799.483871	399.870968
41	11	-799.804878	399.95122
51	12	-799.529412	399.882353
61	6	-799.344262	399.836066
71	24	-798.253521	399.549296
81	26	-798.123457	399.45679
91	50	-798.153846	399.516484
101	34	-798.257426	399.564356
111	25	-798.630631	399.63964
121	44	-798.512397	399.603306
131	38	-798.961832	399.725191
141	35	-799.177305	399.787234
151	53	-798.278146	399.549669
161	41	-799.254658	399.813665
171	43	-798.877193	399.719298
181	50	-799.138122	399.779006
191	50	-798.910995	399.717277
201	48	-799.263682	399.810945
211	30	-799.317536	399.829384
221	63	-798.841629	399.710407
231	76	-798.649351	399.662338
241	73	-798.672199	399.66805
251	68	-798.741036	399.681275
261	58	-799.233716	399.808429
271	84	-798.760148	399.682657
281	86	-798.676157	399.66548
291	68	-799.024055	399.752577
301	81	-799.016611	399.754153
311	81	-799.022508	399.749196
321	84	-798.728972	399.682243
331	92	-799.141994	399.782477
341	88	-799.073314	399.765396
351	110	-798.780627	399.692308
361	98	-799.01385	399.750693
371	126	-798.727763	399.67655
381	112	-798.918635	399.727034
391	124	-798.710997	399.672634
401	96	-799.082294	399.770574
411	116	-798.773723	399.693431
421	122	-798.954869	399.738717
431	110	-798.87703	399.716937
441	100	-799.056689	399.759637
451	114	-799.059867	399.760532
461	156	-798.637744	399.657267
471	115	-799.082803	399.762208
481	144	-798.844075	399.704782
491	155	-799.00611	399.743381
501	166	-799.0499	399.756487
511	144	-798.896282	399.7182
521	130	-798.863724	399.715931
531	158	-798.696798	399.66855
541	148	-799.053604	399.752311
551	208	-798.715064	399.666062
561	112	-799.044563	399.754011
571	171	-798.963222	399.7338
581	128	-799.146299	399.786575
591	172	-799.005076	399.749577
601	178	-798.835275	399.703827
611	170	-798.939444	399.731588
621	194	-798.988728	399.742351
631	139	-799.175911	399.790808
641	175	-799.032761	399.75039
651	176	-798.967742	399.741935
661	212	-798.813918	399.691377
671	170	-798.974665	399.737705
681	204	-798.907489	399.723935
691	192	-799.05644	399.759768
701	166	-799.126961	399.777461
711	186	-799.009845	399.749648
721	240	-798.613037	399.63939
731	214	-798.839945	399.704514
741	225	-798.623482	399.646424
751	206	-798.945406	399.733688
761	220	-798.954008	399.73456
771	186	-799.180285	399.792477
781	254	-798.514725	399.62356
791	218	-799.049305	399.754741
801	223	-798.881398	399.717853
811	234	-798.850801	399.709001
821	230	-799.001218	399.744214
831	260	-798.753309	399.684717
841	206	-798.925089	399.728894
851	238	-798.947121	399.73678
861	246	-798.973287	399.739837
871	216	-798.943743	399.731343
881	255	-798.91941	399.725312
891	258	-798.832772	399.699214
901	297	-798.792453	399.691454
911	276	-799.069155	399.765093
921	268	-798.710098	399.674267
931	272	-798.930183	399.727175
941	234	-799.192349	399.793836
951	252	-798.88959	399.718191
961	266	-798.901145	399.719043
971	266	-798.957775	399.736354
981	268	-798.719674	399.673802
991	282	-799.063572	399.761857
1001	254	-798.925075	399.724276
1011	317	-798.733927	399.673591
1021	288	-798.96572	399.735553
1031	318	-798.758487	399.679922
1041	304	-798.935639	399.731028
1051	290	-798.873454	399.708849
1061	290	-798.982092	399.743638
1071	328	-798.838469	399.703081
1081	320	-798.93802	399.73358
1091	282	-798.991751	399.743355
1101	374	-798.637602	399.64941
1111	310	-798.909091	399.724572
1121	318	-798.96521	399.737734
1131	326	-798.946065	399.729443
1141	312	-798.979842	399.744084
1151	366	-798.731538	399.675065
1161	338	-798.866494	399.71404
1171	304	-798.971819	399.738685
1181	364	-798.797629	399.69348
1191	395	-798.626364	399.649034
1201	372	-798.724396	399.675271
1211	366	-798.936416	399.732453
1221	372	-798.751843	399.682228
1231	322	-799.051178	399.754671
1241	360	-798.778405	399.684126
1251	386	-798.842526	399.705835
1261	370	-799.045202	399.754163
1271	374	-798.741149	399.680566
1281	348	-798.935207	399.728337
1291	360	-798.95275	399.728892
1301	362	-798.930054	399.726364
1311	342	-799.075515	399.76659
1321	436	-798.652536	399.653293
1331	384	-798.924117	399.726521
1341	432	-798.791946	399.67487
1351	426	-798.69134	399.668394
1361	379	-798.824394	399.695812
1371	434	-798.760029	399.680525
1381	396	-798.79218	399.691528
1391	404	-798.846873	399.70381
1401	418	-798.726624	399.673091
1411	428	-798.854713	399.712261
1421	455	-798.702322	399.66784
1431	444	-798.641509	399.647799
1441	466	-798.523248	399.621096
1451	394	-798.767746	399.685734
1461	417	-798.9295	399.727584
1471	418	-799.002039	399.74847
1481	473	-798.67657	399.663741
1491	418	-799.018109	399.749162
1501	451	-798.880746	399.713524
1511	481	-798.885506	399.716744
1521	375	-798.998028	399.74622
1531	442	-798.863488	399.708687
1541	462	-798.717716	399.66645
1551	474	-798.842037	399.707286
1561	474	-798.823831	399.698911
1571	416	-798.900064	399.721197
1581	422	-798.86907	399.71031
1591	464	-798.921433	399.727216
1601	511	-798.750781	399.6802
1611	442	-798.875233	399.714463
1621	462	-798.73905	399.676743
1631	444	-799.023912	399.751073
1641	430	-799.066423	399.763559
1651	452	-798.827377	399.699576
1661	453	-798.846478	399.704997
1671	502	-798.798324	399.6924
1681	476	-798.926829	399.727543
1691	494	-798.933176	399.725606
1701	438	-799.059377	399.762493
1711	482	-798.978375	399.736996
1721	428	-799.040093	399.757118
1731	416	-799.131138	399.778163
1741	544	-798.722573	399.676048
1751	530	-798.901199	399.72016
1761	536	-798.768881	399.688813
1771	508	-798.868436	399.708639
1781	536	-798.726558	399.672094
1791	546	-798.856505	399.709659
1801	597	-798.754026	399.683509
1811	435	-799.083379	399.763666
1821	470	-798.829215	399.700165
1831	532	-799.054069	399.760786
1841	608	-798.637697	399.651276
1851	518	-798.817936	399.698541
1861	502	-798.985492	399.736701
1871	532	-798.963121	399.734901
1881	639	-798.721956	399.674641
1891	548	-798.8789	399.713379
1901	534	-798.907943	399.721199
1911	557	-798.821559	399.701727
1921	530	-798.942218	399.73139
1931	534	-799.005697	399.750388
1941	612	-798.852138	399.708398
1951	540	-798.876474	399.716043
1961	619	-798.741458	399.678735
1971	568	-798.859462	399.708777
1981	572	-798.954064	399.731449
1991	600	-798.955299	399.733802
2001	606	-798.790605	399.686157
2011	618	-798.788662	399.690701
2021	586	-798.766947	399.682335
2031	600	-798.757262	399.6839
2041	638	-798.865262	399.707006
2051	598	-798.864944	399.710385
2061	562	-799.081999	399.767103
2071	598	-798.819894	399.697731
2081	638	-798.633349	399.651129
2091	669	-798.674319	399.662363
2101	626	-798.861495	399.711566
2111	666	-798.700142	399.671246
2121	630	-798.889203	399.718058
2131	524	-799.183482	399.792586
2141	670	-798.852872	399.707613
2151	616	-798.966062	399.735937
2161	632	-798.880148	399.710319
2171	632	-798.95532	399.732842
2181	655	-798.807886	399.691884
2191	562	-799.005021	399.746235
2201	606	-798.915039	399.720127
2211	629	-799.032112	399.753957
2221	664	-798.786132	399.688429
2231	672	-798.816674	399.697893
2241	628	-798.91834	399.726015
2251	637	-798.951577	399.73434
2261	614	-798.917293	399.724016
2271	654	-798.818142	399.698811
2281	664	-798.812801	399.698378
2291	724	-798.894806	399.716281
2301	673	-798.944807	399.73229
2311	662	-798.833405	399.701428
2321	681	-798.88324	399.716502
2331	732	-798.833119	399.704848
2341	646	-798.870568	399.712089
2351	660	-798.94513	399.73288
2361	656	-798.900466	399.716222
2371	612	-798.970898	399.73682
2381	686	-799.028979	399.755565
2391	730	-798.730238	399.677123
2401	688	-798.917118	399.725115
2411	727	-798.783907	399.688926
2421	686	-798.87815	399.714168
2431	636	-798.961744	399.737557
2441	754	-798.866039	399.710774
2451	720	-798.854345	399.707874
2461	758	-798.826493	399.699309
2471	762	-798.601376	399.643869
2481	798	-798.781137	399.691254
2491	834	-798.688077	399.663589
2501	718	-798.832467	399.704118
2511	692	-798.878534	399.716448
2521	712	-798.97977	399.741372
2531	698	-799.007507	399.747136
2541	702	-798.90122	399.719008
2551	780	-798.791062	399.687966
2561	834	-798.753612	399.682155
2571	698	-798.822248	399.69895
2581	732	-799.018985	399.750484
2591	714	-798.90853	399.719799
2601	751	-798.720492	399.673203
2611	730	-798.869399	399.714286
2621	891	-798.682945	399.667303
2631	759	-798.926644	399.72786
2641	756	-798.901931	399.72056
2651	782	-798.749151	399.678612
2661	796	-798.768884	399.685832
2671	782	-798.782478	399.692999
2681	826	-798.751212	399.682954
2691	754	-798.886659	399.716091
2701	824	-798.769345	399.686042
2711	810	-798.736997	399.678347
2721	718	-798.920985	399.726571
2731	706	-798.977664	399.740754
2741	810	-798.819409	399.700109
2751	802	-798.937114	399.724464
2761	817	-798.793191	399.694314
2771	763	-798.973656	399.739444
2781	830	-798.764473	399.686444
2791	822	-798.992476	399.742745
2801	752	-798.890396	399.719386
2811	840	-798.810388	399.696194
2821	806	-798.881248	399.715704
2831	718	-798.961498	399.736489
2841	839	-798.724393	399.674058
2851	828	-798.836899	399.701157
2861	854	-798.822789	399.69661
2871	816	-798.838036	399.705329
2881	882	-798.785144	399.691079
2891	854	-798.836389	399.703909
2901	870	-798.854188	399.70424
2911	852	-798.852628	399.703882
2921	786	-798.903115	399.722013
2931	798	-798.96827	399.735244
2941	791	-798.922815	399.725944
2951	784	-798.929177	399.72755
2961	756	-799.005741	399.746707
2971	928	-798.758667	399.681589
2981	860	-798.887622	399.718886
2991	930	-798.748245	399.681712
3001	824	-798.944352	399.732756
3011	920	-798.886749	399.715709
3021	888	-798.85336	399.709368
3031	840	-798.919169	399.726823
3041	930	-798.847747	399.70536
3051	912	-798.826614	399.700426
3061	842	-798.816073	399.698138
3071	794	-798.918919	399.725822
3081	868	-798.984745	399.741642
3091	882	-798.955678	399.73342
3101	932	-798.877781	399.714931
3111	972	-798.882674	399.715204
3121	948	-798.850368	399.707145
3131	910	-798.758224	399.685723
3141	906	-798.89462	399.720471
3151	807	-798.946366	399.733418
3161	958	-798.749763	399.676052
3171	887	-798.896247	399.719962
3181	940	-798.861993	399.713298
3191	992	-798.746474	399.680351
3201	940	-798.790378	399.690097
3211	978	-798.860168	399.708502
3221	942	-798.819	399.698851
3231	972	-798.755803	399.680594
3241	836	-798.954644	399.732799
3251	902	-798.983697	399.739772
3261	906	-798.934069	399.730144
3271	926	-798.813818	399.698563
3281	978	-798.847912	399.704358
3291	878	-799.019143	399.751443
3301	959	-798.835504	399.701909
3311	956	-798.843854	399.702809
3321	934	-798.905149	399.721771
3331	944	-798.945662	399.732813
3341	926	-798.90452	399.72164
3351	986	-798.799164	399.693823
3361	934	-798.944362	399.730437
3371	1032	-798.812222	399.696233
3381	974	-798.883171	399.715469
3391	946	-798.865231	399.713359
3401	1018	-798.843869	399.705381
3411	938	-798.903547	399.716799
3421	947	-798.822567	399.698918
3431	990	-798.954241	399.733022
3441	980	-798.913107	399.724499
3451	958	-798.951029	399.73399
3461	972	-798.868535	399.708755
3471	918	-798.976664	399.741285
3481	1002	-798.916403	399.723643
3491	1074	-798.775136	399.688341
3501	976	-798.904313	399.721223
3511	1032	-798.758189	399.68499
3521	1094	-798.827606	399.698949
3531	968	-798.949873	399.734353
3541	952	-799.014968	399.749788
3551	1034	-798.820614	399.696987
3561	996	-798.919405	399.724235
3571	1082	-798.858583	399.702604
3581	1054	-798.803686	399.696733
3591	1050	-798.802562	399.695906
3601	1050	-798.758123	399.68231
3611	1100	-798.803655	399.69316
3621	1040	-798.794808	399.694007
3631	1036	-798.833379	399.704214
3641	1077	-798.771766	399.68635
3651	1138	-798.748836	399.682279
3661	1094	-798.861513	399.709369
3671	1087	-798.894034	399.718878
3681	1158	-798.706873	399.668568
3691	1090	-798.814413	399.698185
3701	1062	-798.851121	399.708187
3711	1083	-798.891943	399.717596
3721	1034	-798.934695	399.728568
3731	1100	-798.859287	399.709997
3741	1104	-798.869821	399.709169
3751	1112	-798.78859	399.691816
3761	986	-798.969423	399.736772
3771	1127	-798.738796	399.679661
3781	998	-798.915631	399.724412
3791	1002	-798.984964	399.740438
3801	1106	-798.871876	399.713233
3811	1018	-799.020729	399.751246
3821	1086	-798.881968	399.715781
3831	1099	-798.929783	399.730097
3841	1028	-798.95548	399.732882
3851	1186	-798.799273	399.694105
3861	1080	-798.911163	399.721834
3871	1078	-798.964609	399.737019
3881	1110	-798.962123	399.734089
3891	1203	-798.832177	399.701876
3901	1076	-798.921302	399.720584
3911	1126	-798.748146	399.677832
3921	1126	-798.884978	399.713338
3931	1120	-798.875604	399.714576
3941	1088	-798.906876	399.721898
3951	1128	-798.877246	399.71349
3961	1132	-798.856854	399.706135
3971	1114	-798.888945	399.712919
3981	1178	-798.800301	399.688018
3991	1176	-798.865447	399.711852
4001	1110	-798.823294	399.702074
4011	1148	-798.884069	399.715782
4021	1186	-798.877891	399.715494
4031	1162	-798.789382	399.689903
4041	1216	-798.814155	399.696115
4051	1195	-798.768699	399.683041
4061	1172	-798.907658	399.717803
4071	1158	-798.887743	399.718005
4081	1171	-798.811076	399.691252
4091	1128	-798.923491	399.728184
4101	1142	-798.946598	399.731773
4111	1180	-798.85478	399.706641
4121	1153	-798.931327	399.729677
4131	1158	-798.89131	399.716291
4141	1156	-798.890123	399.718426
4151	1226	-798.866779	399.713322
4161	1188	-798.906994	399.723143
4171	1190	-798.908655	399.721889
4181	1324	-798.843339	399.705812
4191	1268	-798.78597	399.69172
4201	1218	-798.80219	399.693406
4211	1131	-798.864878	399.711232
4221	1202	-798.866619	399.71239
4231	1208	-798.942094	399.731506
4241	1202	-798.864419	399.711389
4251	1214	-798.890614	399.719595
4261	1270	-798.91387	399.72307
4271	1308	-798.765629	399.68532
4281	1262	-798.837655	399.702873
4291	1250	-798.789093	399.690981
4301	1198	-798.945362	399.73262
4311	1334	-798.69543	399.669682
4321	1272	-798.909512	399.723675
4331	1135	-799.00254	399.746017
4341	1304	-798.781848	399.686247
4351	1248	-798.83613	399.701678
4361	1354	-798.723229	399.674845
4371	1202	-798.997026	399.746054
4381	1282	-798.824926	399.699155
4391	1298	-798.802095	399.697108
4401	1206	-798.915701	399.725517
4411	1282	-798.872818	399.711177
4421	1244	-799.011083	399.74983
4431	1284	-798.835477	399.70255
4441	1284	-798.842603	399.704571
4451	1278	-798.916199	399.724556
4461	1316	-798.808339	399.696481
4471	1350	-798.737643	399.677477
4481	1270	-798.862754	399.710779
4491	1316	-798.845691	399.705188
4501	1316	-798.871362	399.71162
4511	1302	-798.888938	399.717136
4521	1394	-798.774607	399.687237
4531	1348	-798.832046	399.702494
4541	1310	-798.833737	399.701387
4551	1374	-798.809932	399.694573
4561	1232	-799.000219	399.746108
4571	1332	-798.874644	399.712536
4581	1406	-798.642218	399.654224
4591	1362	-798.86125	399.70856
4601	1266	-798.939361	399.728755
4611	1358	-798.826285	399.698981
4621	1468	-798.850465	399.708288
4631	1356	-798.829626	399.70244
4641	1369	-798.856281	399.709114
4651	1472	-798.769297	399.686519
4661	1230	-798.915254	399.724952
4671	1256	-798.963819	399.734532
4681	1324	-798.8652	399.7116
4691	1438	-798.778086	399.690045
4701	1362	-798.85301	399.707296
4711	1322	-798.93356	399.727446
4721	1378	-798.821436	399.696674
4731	1428	-798.866202	399.711266
4741	1462	-798.745412	399.67644
4751	1434	-798.834772	399.703641
4761	1430	-798.855703	399.706784
4771	1366	-798.921819	399.726263
4781	1286	-798.950847	399.732692
4791	1372	-798.910457	399.721979
4801	1398	-798.914393	399.722974
4811	1396	-798.871752	399.710663
4821	1444	-798.776188	399.687617
4831	1492	-798.873111	399.713931
4841	1474	-798.796943	399.692625
4851	1494	-798.798598	399.692022
4861	1382	-798.929438	399.726805
4871	1450	-798.819955	399.698625
4881	1406	-798.823192	399.698013
4891	1368	-798.859947	399.708444
4901	1310	-798.87778	399.715568
4911	1552	-798.655264	399.656689
4921	1390	-798.885592	399.717537
4931	1438	-798.859461	399.709187
4941	1453	-798.82291	399.70168
4951	1470	-798.871339	399.712785
4961	1348	-798.949405	399.733118
4971	1440	-798.879099	399.713539
4981	1492	-798.807468	399.694439
4991	1431	-798.878782	399.712683
5001	1626	-798.767447	399.682464
5011	1478	-798.867292	399.711036
5021	1507	-798.832105	399.70245
5031	1552	-798.841582	399.707016
5041	1501	-798.712954	399.67189
5051	1542	-798.764601	399.684815
5061	1488	-798.825529	399.70085
5071	1552	-798.761585	399.682508
5081	1494	-798.797874	399.693367
5091	1422	-798.94559	399.732076
5101	1418	-798.859047	399.709469
5111	1406	-798.94189	399.729212
5121	1494	-798.801797	399.696153
5131	1422	-798.934321	399.730267
5141	1498	-798.855476	399.710173
5151	1548	-798.832848	399.702194
5161	1556	-798.763805	399.684945
5171	1566	-798.735254	399.677045
5181	1540	-798.858135	399.709323
5191	1512	-798.841842	399.707186
5201	1594	-798.857143	399.709671
5211	1552	-798.902322	399.720591
5221	1550	-798.879142	399.712699
5231	1474	-798.897343	399.719365
5241	1482	-798.897157	399.719901
5251	1488	-798.942678	399.728433
5261	1462	-798.844326	399.704999
5271	1501	-798.93986	399.728704
5281	1526	-798.815376	399.698921
5291	1532	-798.901531	399.718768
5301	1492	-798.896057	399.718921
5311	1530	-798.901149	399.720203
5321	1518	-798.917497	399.720353
5331	1550	-798.855749	399.708122
5341	1530	-798.868377	399.710541
5351	1626	-798.796487	399.688283
5361	1592	-798.8338	399.701175
5371	1570	-798.830013	399.701732
5381	1518	-798.832187	399.703773
5391	1567	-798.873678	399.709516
5401	1660	-798.837993	399.702277
5411	1474	-798.892626	399.718721
5421	1548	-798.854824	399.706327
5431	1580	-798.85325	399.707604
5441	1638	-798.787723	399.690498
5451	1472	-798.946248	399.730692
5461	1584	-798.868339	399.710676
5471	1570	-798.879912	399.717054
5481	1608	-798.848385	399.703339
5491	1498	-798.989619	399.742488
5501	1684	-798.826395	399.701145
5511	1604	-798.906188	399.718381
5521	1446	-798.953813	399.734106
5531	1571	-798.898572	399.720485
5541	1573	-798.890453	399.718101
5551	1719	-798.705819	399.67069
5561	1530	-798.933285	399.728106
5571	1762	-798.714055	399.671154
5581	1740	-798.860419	399.707579
5591	1700	-798.784475	399.690216
5601	1606	-798.879486	399.715408
5611	1633	-798.831581	399.698806
5621	1686	-798.804483	399.695072
5631	1516	-798.804475	399.692772
5641	1596	-798.900195	399.71849
5651	1572	-798.970094	399.737038
5661	1704	-798.933051	399.726197
5671	1710	-798.788926	399.68718
5681	1560	-798.894561	399.716951
5691	1698	-798.741873	399.67598
5701	1654	-798.878092	399.71163
5711	1715	-798.7827	399.689722
5721	1660	-798.837965	399.7025
5731	1668	-798.862328	399.710347
5741	1674	-798.796029	399.694478
5751	1650	-798.914276	399.723874
5761	1632	-798.891859	399.71984
5771	1588	-798.937446	399.728643
5781	1642	-798.92337	399.723231
5791	1683	-798.872734	399.711276
5801	1629	-798.915359	399.72453
5811	1618	-798.954397	399.731888
5821	1650	-799.002233	399.746092
5831	1800	-798.808438	399.695421
5841	1718	-798.817326	399.699709
5851	1626	-798.971116	399.738164
5861	1698	-798.893704	399.718819
5871	1652	-798.894226	399.718617
5881	1754	-798.818568	399.698011
5891	1564	-798.928535	399.725004
5901	1788	-798.763599	399.684799
5911	1783	-798.844189	399.705972
5921	1744	-798.920453	399.723358
5931	1686	-798.916877	399.724836
5941	1622	-798.944959	399.731695
5951	1779	-798.784742	399.692153
5961	1757	-798.783426	399.690656
5971	1628	-798.919444	399.724669
5981	1785	-798.825614	399.699381
5991	1682	-798.923719	399.728259
6001	1820	-798.831528	399.703383
6011	1715	-798.80752	399.697222
6021	1837	-798.803521	399.695399
6031	1745	-798.780302	399.688609
6041	1852	-798.833306	399.700381
6051	1798	-798.838539	399.70319
6061	1726	-798.852995	399.707309
6071	1867	-798.718498	399.671553
6081	1702	-798.917283	399.721756
6091	1808	-798.852734	399.707109
6101	1742	-798.874283	399.711195
6111	1823	-798.777287	399.687449
6121	1836	-798.824375	399.702009
6131	1712	-798.946991	399.732181
6141	1797	-798.839928	399.701677
6151	1944	-798.735165	399.677451
6161	1784	-798.855381	399.709463
6171	1721	-798.92011	399.723546
6181	1797	-798.877204	399.714933
6191	1852	-798.74786	399.680504
6201	1820	-798.828576	399.702629
6211	1730	-798.871679	399.710836
6221	1904	-798.807266	399.694261
6231	1822	-798.859894	399.708875
6241	1794	-798.928377	399.726646
6251	1827	-798.865462	399.711726
6261	1834	-798.846191	399.703881
6271	1908	-798.745336	399.67852
6281	1748	-798.909091	399.722019
6291	1868	-798.86886	399.712605
6301	1736	-798.924615	399.725758
6311	1717	-798.912375	399.721756
6321	1956	-798.785002	399.692454
6331	1932	-798.850103	399.708419
6341	1888	-798.798928	399.693424
6351	1788	-798.878287	399.714691
6361	1800	-798.908348	399.722685
6371	1858	-798.856067	399.707738
6381	1924	-798.862874	399.70851
6391	1966	-798.725708	399.672039
6401	1858	-798.895798	399.718169
6411	1978	-798.780845	399.687724
6421	1759	-798.87245	399.710325
6431	1792	-798.965635	399.736899
6441	1805	-798.935569	399.727993
6451	1982	-798.742521	399.68005
6461	1841	-798.855286	399.704999
6471	1884	-798.796477	399.692474
6481	1952	-798.867459	399.711156
6491	1751	-798.958558	399.735634
6501	1880	-798.782341	399.690817
6511	1986	-798.821072	399.698357
6521	1864	-798.939426	399.728876
6531	1776	-799.016383	399.747971
6541	1966	-798.842379	399.705244
6551	1818	-798.882003	399.716379
6561	1820	-798.978205	399.738455
6571	1834	-798.890884	399.718764
6581	1864	-798.822671	399.699438
6591	1828	-798.925201	399.722045
6601	1900	-798.881382	399.714892
6611	1964	-798.846771	399.703222
6621	1872	-798.872074	399.713336
6631	1891	-798.890665	399.718293
6641	1842	-798.913417	399.723837
6651	1988	-798.881371	399.715231
6661	1912	-798.804984	399.69464
6671	1928	-798.850547	399.706791
6681	2006	-798.80018	399.694956
6691	1936	-798.848603	399.707368
6701	1932	-798.885539	399.714371
6711	1946	-798.908657	399.721651
6721	2004	-798.810891	399.696176
6731	1964	-798.860199	399.707919
6741	1974	-798.847649	399.706572
6751	1964	-798.833951	399.701378
6761	2060	-798.781245	399.688508
6771	1900	-798.944912	399.730911
6781	2007	-798.807256	399.69444
6791	1910	-798.900898	399.721101
6801	1870	-798.907808	399.722688
6811	2082	-798.746733	399.680223
6821	1822	-799.009529	399.750183
6831	1922	-798.896794	399.718343
6841	1983	-798.849876	399.706183
6851	2056	-798.8463	399.705444
6861	1891	-798.94476	399.732692
6871	2092	-798.810071	399.696987
6881	1986	-798.855399	399.706729
6891	2050	-798.747352	399.678711
6901	2040	-798.849442	399.707868
6911	2028	-798.785704	399.690928
6921	1976	-798.82098	399.697732
6931	2056	-798.870581	399.711441
6941	2030	-798.824377	399.698026
6951	2037	-798.844483	399.70364
6961	2018	-798.820284	399.700043
6971	1994	-798.924688	399.726008
6981	1972	-798.839135	399.702908
6991	2102	-798.832785	399.703047
7001	1986	-798.86759	399.710613
7011	2104	-798.832691	399.703323
7021	2016	-798.804159	399.691782
7031	2006	-798.945811	399.732044
7041	1946	-798.898452	399.720778
7051	2050	-798.877322	399.712665
7061	2074	-798.849455	399.706274
7071	1995	-798.870315	399.712063
7081	2086	-798.810902	399.695523
7091	1944	-798.947398	399.731209
7101	2149	-798.862695	399.710745
7111	2068	-798.869357	399.711433
7121	2200	-798.801854	399.694425
7131	2064	-798.921329	399.7229
7141	2193	-798.820333	399.699202
7151	2054	-798.920431	399.725633
7161	2157	-798.78732	399.691663
7171	2090	-798.878817	399.711616
7181	2004	-798.892633	399.718702
7191	2060	-798.891948	399.718259
7201	2026	-798.930704	399.727816
7211	2060	-798.863403	399.711274
7221	1930	-798.992383	399.742695
7231	2196	-798.785783	399.689393
7241	2174	-798.83331	399.703632
7251	2142	-798.850917	399.707075
7261	2036	-798.856907	399.709406
7271	2025	-798.981158	399.741439
7281	2056	-798.923225	399.725312
7291	2132	-798.895076	399.71746
7301	2142	-798.823175	399.700315
7311	2081	-798.868007	399.711667
7321	2100	-798.929108	399.727633
7331	2168	-798.846542	399.70045
7341	2102	-798.830132	399.700586
7351	2152	-798.845871	399.707795
7361	2144	-798.837658	399.70466
7371	2090	-798.868539	399.711301
7381	2072	-798.938355	399.729576
7391	2074	-798.872142	399.713435
7401	2180	-798.828266	399.701662
7411	2164	-798.899474	399.719336
7421	2250	-798.79585	399.691955
7431	2108	-798.8696	399.712286
7441	2167	-798.911437	399.723155
7451	2076	-798.865119	399.713059
7461	2224	-798.810883	399.69736
7471	2131	-798.879936	399.713827
7481	2220	-798.814597	399.698703
7491	2159	-798.833801	399.702576
7501	2232	-798.776163	399.688841
7511	2175	-798.798562	399.692451
7521	2238	-798.815051	399.698444
7531	2268	-798.799097	399.694861
7541	2284	-798.804933	399.696327
7551	2194	-798.8187	399.699907
7561	2170	-798.920778	399.724375
7571	2178	-798.838727	399.705191
7581	2151	-798.837093	399.704261
7591	2128	-798.913977	399.72441
7601	2188	-798.897513	399.719247
7611	2112	-798.905794	399.721719
7621	2173	-798.88676	399.716573
7631	2150	-798.877211	399.714323
7641	2270	-798.826332	399.699516
7651	2296	-798.815841	399.697556
7661	2344	-798.816865	399.69769
7671	2412	-798.792335	399.693912
7681	2394	-798.73454	399.678427
7691	2166	-798.916656	399.723573
7701	2184	-798.900403	399.720815
7711	2152	-798.869148	399.7121
7721	2320	-798.786168	399.688123
7731	2152	-798.967792	399.733799
7741	2169	-798.896783	399.717091
7751	2342	-798.808928	399.693975
7761	2302	-798.835202	399.702873
7771	2174	-798.933985	399.72822
7781	2213	-798.886518	399.715718
7791	2238	-798.873059	399.712489
7801	2198	-798.850917	399.708499
7811	2168	-798.937396	399.73038
7821	2142	-798.939266	399.728679
7831	2254	-798.773592	399.68663
7841	2306	-798.8981	399.718913
7851	2302	-798.783849	399.689466
7861	2250	-798.852054	399.707162
7871	2358	-798.83471	399.702452
7881	2384	-798.794062	399.691917
7891	2308	-798.867064	399.712077
7901	2364	-798.816352	399.698013
7911	2322	-798.819871	399.700417
7921	2280	-798.931448	399.728065
7931	2286	-798.807717	399.695625
7941	2280	-798.891324	399.718423
7951	2406	-798.913344	399.723305
7961	2332	-798.823263	399.700038
7971	2296	-798.825242	399.699159
7981	2182	-798.899887	399.719584
7991	2356	-798.854211	399.709673
8001	2332	-798.884639	399.714786
8011	2286	-798.92348	399.724379
8021	2445	-798.786685	399.687819
8031	2228	-798.866393	399.71087
8041	2475	-798.772789	399.688347
8051	2331	-798.895044	399.718793
8061	2404	-798.803622	399.694083
8071	2216	-798.958246	399.734853
8081	2324	-798.842717	399.705235
8091	2354	-798.859968	399.709059
8101	2224	-798.884088	399.715591
8111	2370	-798.791764	399.690297
8121	2426	-798.797192	399.693141
8131	2314	-798.879843	399.713196
8141	2362	-798.879745	399.71404
8151	2507	-798.763833	399.686664
8161	2445	-798.832496	399.702242
8171	2342	-798.891201	399.716069
8181	2444	-798.861753	399.711771
8191	2440	-798.864119	399.708949
8201	2374	-798.872333	399.71345
8211	2486	-798.800633	399.693095
8221	2344	-798.899891	399.718039
8231	2336	-798.902685	399.721055
8241	2580	-798.782672	399.690814
8251	2306	-798.888377	399.714944
8261	2380	-798.886818	399.716983
8271	2500	-798.809334	399.696772
8281	2412	-798.889989	399.716701
8291	2310	-798.885056	399.715354
8301	2468	-798.843995	399.705337
8311	2566	-798.761641	399.684033
8321	2525	-798.797741	399.693066
8331	2436	-798.873124	399.71456
8341	2338	-798.907565	399.720417
8351	2232	-798.918932	399.724584
8361	2356	-798.880038	399.714388
8371	2408	-798.892844	399.719508
8381	2480	-798.843097	399.703377
8391	2434	-798.880706	399.713503
8401	2500	-798.891561	399.716462
8411	2523	-798.81869	399.697063
8421	2372	-798.855718	399.709061
8431	2361	-798.895505	399.717708
8441	2474	-798.865537	399.712119
8451	2466	-798.847474	399.702284
8461	2458	-798.843163	399.704763
8471	2546	-798.841695	399.704403
8481	2456	-798.814762	399.696498
8491	2452	-798.841597	399.704864
8501	2456	-798.872133	399.712504
8511	2536	-798.893197	399.718012
8521	2496	-798.895904	399.718578
8531	2529	-798.869066	399.711171
8541	2444	-798.883035	399.714787
8551	2602	-798.802479	399.695006
8561	2462	-798.806681	399.69583
8571	2605	-798.835608	399.702485
8581	2528	-798.819718	399.700967
8591	2501	-798.857875	399.705739
8601	2564	-798.871759	399.711661
8611	2604	-798.791778	399.689931
8621	2544	-798.79086	399.692843
8631	2560	-798.854362	399.708493
8641	2614	-798.785789	399.691471
8651	2516	-798.945324	399.731823
8661	2332	-798.941924	399.731671
8671	2385	-798.946373	399.73175
8681	2520	-798.878931	399.714549
8691	2436	-798.894489	399.71925
8701	2314	-798.981267	399.741409
8711	2367	-798.989324	399.743543
8721	2604	-798.843711	399.70508
8731	2530	-798.826709	399.701981
8741	2499	-798.869695	399.710559
8751	2488	-798.884699	399.715461
8761	2626	-798.875014	399.71122
8771	2564	-798.863984	399.711549
8781	2673	-798.786471	399.691607
8791	2536	-798.804687	399.693778
8801	2436	-798.908306	399.721623
8811	2518	-798.890024	399.717172
8821	2611	-798.793788	399.691191
8831	2545	-798.843619	399.703997
8841	2500	-798.867096	399.712024
8851	2428	-798.923511	399.726133
8861	2508	-798.853403	399.707708
8871	2464	-798.860106	399.707136
8881	2563	-798.882108	399.713996
8891	2540	-798.880216	399.714993
8901	2542	-798.885069	399.715987
8911	2444	-798.893502	399.717203
8921	2514	-798.884878	399.715727
8931	2599	-798.825663	399.701265
8941	2650	-798.814898	399.696231
8951	2678	-798.818009	399.698134
8961	2567	-798.936279	399.729048
8971	2378	-799.002564	399.744733
8981	2652	-798.896337	399.715622
8991	2596	-798.801913	399.694361
9001	2598	-798.850794	399.706033
9011	2638	-798.874265	399.711908
9021	2662	-798.835606	399.702029
9031	2632	-798.883402	399.716975
9041	2624	-798.863842	399.7122
9051	2650	-798.887637	399.716053
9061	2572	-798.912261	399.72343
9071	2682	-798.863631	399.709624
9081	2626	-798.852549	399.708843
9091	2460	-798.96689	399.736663
9101	2720	-798.833095	399.701791
9111	2767	-798.804961	399.693118
9121	2596	-798.869861	399.713409
9131	2645	-798.77998	399.688972
9141	2578	-798.882398	399.716224
9151	2742	-798.815867	399.698612
9161	2690	-798.851217	399.707674
9171	2735	-798.863374	399.710391
9181	2723	-798.858512	399.708093
9191	2572	-798.918942	399.724296
9201	2714	-798.851429	399.70851
9211	2768	-798.795353	399.69189
9221	2706	-798.852619	399.706973
9231	2740	-798.866428	399.710324
9241	2446	-798.99578	399.745049
9251	2724	-798.851151	399.707491
9261	2556	-798.921067	399.725516
9271	2602	-798.852767	399.709416
9281	2662	-798.850555	399.70779
9291	2573	-798.869874	399.713056
9301	2490	-798.970863	399.740028
9311	2664	-798.864569	399.711524
9321	2810	-798.82416	399.701534
9331	2606	-798.916301	399.725646
9341	2574	-798.926453	399.724655
9351	2820	-798.861726	399.708053
9361	2458	-799.012499	399.749599
9371	2891	-798.824458	399.698858
9381	2580	-798.950645	399.734357
9391	2742	-798.820999	399.698435
9401	2702	-798.870758	399.71152
9411	2816	-798.802253	399.693338
9421	2808	-798.842161	399.705127
9431	2712	-798.87944	399.715195
9441	2842	-798.886982	399.717827
9451	2804	-798.835256	399.70183
9461	2857	-798.783215	399.689039
9471	2766	-798.88375	399.716609
9481	2790	-798.84316	399.706993
9491	2634	-798.951006	399.73301
9501	2735	-798.895695	399.71603
9511	2730	-798.860688	399.708548
9521	2826	-798.81483	399.699611
9531	2702	-798.897073	399.719022
9541	2882	-798.764909	399.683052
9551	2869	-798.80557	399.696995
9561	2736	-798.825227	399.699822
9571	2934	-798.735764	399.676105
9581	2596	-798.932888	399.728003
9591	2760	-798.863518	399.709728
9601	2792	-798.878034	399.713363
9611	2704	-798.930808	399.727396
9621	2830	-798.848768	399.704605
9631	2936	-798.76233	399.685183
9641	2740	-798.85655	399.708122
9651	2948	-798.769039	399.686043
9661	2772	-798.949591	399.73274
9671	2816	-798.836108	399.702409
9681	2868	-798.823675	399.699411
9691	2958	-798.785677	399.688783
9701	2746	-798.874343	399.71405
9711	2772	-798.924107	399.728349
9721	2750	-798.898879	399.720399
9731	2758	-798.900832	399.718426
9741	2580	-798.942614	399.731444
9751	2868	-798.804225	399.69439
9761	2833	-798.896834	399.718471
9771	2938	-798.831235	399.700542
9781	2780	-798.897045	399.718843
9791	2848	-798.880605	399.71484
9801	2870	-798.889501	399.7186
9811	2878	-798.858832	399.709306
9821	2830	-798.890948	399.716729
9831	2816	-798.91893	399.723731
9841	2948	-798.837923	399.704705
9851	2856	-798.834636	399.702568
9861	2892	-798.899909	399.719298
9871	2790	-798.925337	399.726674
9881	2932	-798.818338	399.699018
9891	2874	-798.829239	399.698918
9901	2934	-798.855065	399.706898
9911	2886	-798.809	399.695692
9921	2850	-798.852938	399.708094
9931	2956	-798.845232	399.705971
9941	2792	-798.878584	399.714717
9951	2692	-798.972968	399.739122
9961	2748	-798.971589	399.738982
9971	2744	-798.832615	399.702136
9981	2770	-798.949203	399.732091
9991	2888	-798.881794	399.715144
10001	2848	-798.886111	399.716028
10011	2926	-798.858855	399.70952
10021	2800	-798.923062	399.725975
10031	2932	-798.865118	399.711694
10041	2919	-798.927597	399.727517
10051	3118	-798.810865	399.696548
10061	2986	-798.836696	399.702018
10071	2912	-798.939132	399.727733
10081	2754	-798.967563	399.736534
10091	2752	-798.896839	399.71975
10101	2769	-798.948619	399.732898
10111	2738	-798.948868	399.732371
10121	3088	-798.813951	399.697461
10131	2996	-798.851841	399.707827
10141	2842	-798.854156	399.707129
10151	2850	-798.925032	399.726135
10161	2814	-798.935144	399.728964
10171	2918	-798.909448	399.722348
10181	3006	-798.895197	399.718888
10191	2838	-798.949661	399.733098
10201	3028	-798.806392	399.695912
10211	3020	-798.83459	399.701498
10221	2997	-798.79503	399.693768
10231	2996	-798.842342	399.702082
10241	2992	-798.843472	399.704912
10251	2976	-798.827431	399.701102
10261	2994	-798.836371	399.702953
10271	3012	-798.913446	399.721351
10281	2974	-798.854197	399.707227
10291	3024	-798.853367	399.708094
10301	2964	-798.879332	399.714785
10311	3050	-798.812142	399.692755
10321	3056	-798.851662	399.706618
10331	3092	-798.810183	399.697028
10341	3054	-798.877865	399.715888
10351	2905	-798.915274	399.722925
10361	3162	-798.757263	399.684007
10371	3050	-798.886896	399.715939
10381	3150	-798.779694	399.690011
10391	2988	-798.860937	399.709941
10401	2954	-798.873954	399.713874
10411	2938	-798.905389	399.721064
10421	3080	-798.849247	399.704635
10431	2992	-798.899051	399.719873
10441	3002	-798.942247	399.731443
10451	2918	-798.880873	399.715243
10461	2908	-798.938151	399.729471
10471	2864	-798.951772	399.731258
10481	3166	-798.844767	399.705181
10491	2938	-798.911448	399.721857
10501	2938	-798.899152	399.719646
10511	3026	-798.861003	399.710399
10521	2956	-798.932421	399.728163
10531	3034	-798.824423	399.700883
10541	2976	-798.869936	399.71312
10551	2920	-798.902474	399.718889
10561	3106	-798.842913	399.704952
10571	3096	-798.882982	399.715637
10581	3114	-798.814101	399.696626
10591	3032	-798.876782	399.71353
10601	3018	-798.894444	399.718328
10611	3066	-798.835925	399.704646
10621	3236	-798.735336	399.67875
10631	3048	-798.89493	399.716866
10641	3020	-798.923034	399.725026
10651	3112	-798.867336	399.709135
10661	3156	-798.806866	399.696839
10671	3058	-798.861213	399.708931
10681	3277	-798.771276	399.687108
10691	3038	-798.943036	399.731176
10701	3018	-798.905897	399.72283
10711	3074	-798.8692	399.711698
10721	3102	-798.875105	399.714392
10731	3142	-798.884354	399.71559
10741	3096	-798.872731	399.711759
10751	3024	-798.927728	399.727095
10761	3224	-798.807174	399.693709
10771	3146	-798.851732	399.709405
10781	3101	-798.881736	399.714498
10791	3158	-798.872023	399.712353
10801	3122	-798.868623	399.711879
10811	3181	-798.86634	399.711775
10821	3250	-798.828944	399.701876
10831	3140	-798.869541	399.711569
10841	3239	-798.883867	399.716631
10851	3190	-798.876048	399.714496
10861	3102	-798.902495	399.719915
10871	3058	-798.889891	399.717413
10881	3252	-798.816285	399.69727
10891	3196	-798.897806	399.71885
10901	3136	-798.895881	399.719108
10911	3311	-798.792411	399.691321
10921	3209	-798.85212	399.707536
10931	3328	-798.811088	399.69646
10941	3184	-798.841422	399.704232
10951	3146	-798.909323	399.722217
10961	3138	-798.832953	399.701305
10971	3104	-798.90803	399.72327
10981	3258	-798.825608	399.700938
10991	3176	-798.824857	399.70121
11001	3126	-798.882647	399.716026
11011	3136	-798.861502	399.707384
11021	3130	-798.892659	399.715634
11031	3236	-798.881697	399.714804
11041	3196	-798.837786	399.703469
11051	3392	-798.795765	399.694507
11061	3232	-798.880029	399.715035
11071	3358	-798.814922	399.696324
11081	3230	-798.815269	399.697861
11091	3344	-798.797584	399.692363
11101	3266	-798.864607	399.710837
11111	3116	-798.96139	399.735217
11121	3260	-798.855499	399.7074
11131	3186	-798.836403	399.701734
11141	3150	-798.926847	399.726595
11151	3326	-798.856067	399.708726
11161	3128	-798.882537	399.7149
11171	3074	-798.900367	399.721063
11181	3186	-798.869153	399.713085
11191	3293	-798.829774	399.699937
11201	3328	-798.825105	399.699848
11211	3126	-798.885737	399.71635
11221	3104	-798.93129	399.728366
11231	3312	-798.838928	399.703143
11241	3330	-798.829997	399.70145
11251	3204	-798.870856	399.713625
11261	3056	-798.922298	399.725779
11271	3082	-798.918641	399.724071
11281	3274	-798.877759	399.714387
11291	3274	-798.88265	399.714463
11301	3346	-798.807185	399.695425
11311	3250	-798.850323	399.708072
11321	3408	-798.778906	399.68925
11331	3335	-798.865766	399.709293
11341	3214	-798.93766	399.72789
11351	3242	-798.852964	399.706458
11361	3340	-798.833201	399.701083
11371	3318	-798.903175	399.721924
11381	3320	-798.928741	399.727089
11391	3244	-798.893512	399.71855
11401	3120	-798.932725	399.727392
11411	3402	-798.817282	399.698887
11421	3384	-798.801856	399.695123
11431	3324	-798.883737	399.714461
11441	3386	-798.857792	399.708592
11451	3353	-798.84342	399.706227
11461	3408	-798.79836	399.694442
11471	3300	-798.930172	399.726441
11481	3308	-798.893476	399.716924
11491	3280	-798.87773	399.714037
11501	3160	-798.87175	399.712895
11511	3240	-798.90887	399.72131
11521	3438	-798.770246	399.686659
11531	3290	-798.855607	399.707571
11541	3333	-798.87774	399.71389
11551	3272	-798.889793	399.716042
11561	3334	-798.873108	399.713174
11571	3430	-798.839513	399.703051
11581	3246	-798.922027	399.724203
11591	3224	-798.930204	399.72772
11601	3212	-798.870442	399.711404
11611	3474	-798.820084	399.699767
11621	3556	-798.7736	399.687979
11631	3396	-798.801823	399.69289
11641	3328	-798.85405	399.707757
11651	3492	-798.810403	399.695133
11661	3343	-798.909527	399.722322
11671	3500	-798.842944	399.70371
11681	3372	-798.860372	399.707388
11691	3368	-798.837738	399.703019
11701	3322	-798.894112	399.718144
11711	3462	-798.852019	399.708308
11721	3454	-798.849245	399.705315
11731	3512	-798.816128	399.697213
11741	3488	-798.861085	399.708883
11751	3386	-798.860352	399.709812
11761	3476	-798.821529	399.700026
11771	3440	-798.887095	399.716082
11781	3312	-798.911807	399.721416
11791	3456	-798.85472	399.708082
11801	3290	-798.951275	399.732904
11811	3256	-798.879688	399.714842
11821	3356	-798.921919	399.724558
11831	3332	-798.885978	399.716
11841	3324	-798.910227	399.72249
11851	3356	-798.865243	399.712261
11861	3578	-798.831464	399.70306
11871	3348	-798.875916	399.713419
11881	3448	-798.850602	399.705749
11891	3318	-798.936338	399.729375
11901	3456	-798.891858	399.717167
11911	3462	-798.87331	399.712535
11921	3564	-798.761513	399.682913
11931	3354	-798.901349	399.721398
11941	3328	-798.899925	399.719789
11951	3460	-798.828215	399.699105
11961	3505	-798.819162	399.699523
11971	3439	-798.880962	399.713975
11981	3456	-798.861531	399.711042
11991	3566	-798.86248	399.709782
12001	3496	-798.87576	399.714357
12011	3424	-798.908667	399.720922
12021	3558	-798.815739	399.69703
12031	3552	-798.863602	399.711745
12041	3276	-798.971514	399.740055
12051	3532	-798.83993	399.704589
12061	3402	-798.915181	399.723572
12071	3476	-798.833899	399.701765
12081	3512	-798.833871	399.702343
12091	3404	-798.917211	399.723431
12101	3476	-798.863565	399.710272
12111	3452	-798.932541	399.727025
12121	3530	-798.85587	399.708605
12131	3604	-798.856154	399.70868
12141	3552	-798.873898	399.711556
12151	3468	-798.901819	399.718377
12161	3436	-798.874435	399.713346
12171	3498	-798.873716	399.713417
12181	3358	-798.905837	399.722026
12191	3442	-798.902797	399.720778
12201	3516	-798.785345	399.689042
12211	3516	-798.903611	399.719925
12221	3566	-798.793879	399.692497
12231	3568	-798.828877	399.702069
12241	3608	-798.805653	399.69496
12251	3606	-798.861481	399.708595
12261	3474	-798.915586	399.724166
12271	3494	-798.900497	399.719827
12281	3266	-798.960997	399.735038
12291	3438	-798.885038	399.714262
12301	3546	-798.901878	399.720836
12311	3404	-798.912517	399.723012
12321	3514	-798.887753	399.717555
12331	3526	-798.853945	399.708215
12341	3588	-798.83964	399.705534
12351	3682	-798.808841	399.694438
12361	3582	-798.829868	399.702613
12371	3596	-798.806564	399.695093
12381	3472	-798.882158	399.71537
12391	3566	-798.899524	399.718828
12401	3658	-798.814934	399.697282
12411	3782	-798.807187	399.696237
12421	3532	-798.917962	399.722406
12431	3463	-798.885689	399.715389
12441	3888	-798.727433	399.674463
12451	3773	-798.793671	399.692715
12461	3534	-798.87489	399.713025
12471	3695	-798.812285	399.696416
12481	3544	-798.946238	399.731432
12491	3552	-798.845889	399.705068
12501	3588	-798.852572	399.709303
12511	3692	-798.820878	399.698026
12521	3620	-798.875809	399.714719
12531	3737	-798.808076	399.696433
12541	3632	-798.898652	399.717247
12551	3598	-798.897936	399.717951
12561	3747	-798.819521	399.700024
12571	3640	-798.862779	399.710286
12581	3676	-798.883078	399.713854
12591	3532	-798.903661	399.722341
12601	3622	-798.848028	399.707166
12611	3494	-798.874316	399.714218
12621	3738	-798.798827	399.690833
12631	3456	-798.933418	399.727496
12641	3716	-798.812436	399.697334
12651	3714	-798.901905	399.720338
12661	3584	-798.851592	399.707448
12671	3648	-798.894168	399.718886
12681	3614	-798.911127	399.721473
12691	3558	-798.878891	399.714758
12701	3700	-798.873475	399.713093
12711	3694	-798.850444	399.705924
12721	3736	-798.871472	399.712758
12731	3788	-798.846595	399.706857
12741	3670	-798.896162	399.718546
12751	3634	-798.838679	399.704023
12761	3732	-798.848053	399.705979
12771	3562	-798.857098	399.708715
12781	3704	-798.914952	399.724748
12791	3508	-798.939567	399.730592
12801	3624	-798.91071	399.722834
12811	3658	-798.909375	399.723051
12821	3698	-798.879339	399.714531
12831	3664	-798.87803	399.713974
12841	3818	-798.806946	399.69722
12851	3830	-798.856431	399.708816
12861	3900	-798.784853	399.689293
12871	3728	-798.852304	399.706317
12881	3848	-798.852884	399.707476
12891	3757	-798.798852	399.692654
12901	3756	-798.854042	399.706689
12911	3653	-798.848734	399.706452
12921	3686	-798.883678	399.716121
12931	3916	-798.8434	399.703967
12941	3834	-798.794529	399.693532
12951	3686	-798.905104	399.720948
12961	3826	-798.838361	399.704344
12971	3782	-798.874721	399.712744
12981	3758	-798.915646	399.721901
12991	4004	-798.779155	399.687784
13001	3758	-798.901931	399.720022
13011	3570	-798.927369	399.727461
13021	3654	-798.914983	399.72337
13031	3700	-798.889111	399.717443
13041	3808	-798.837819	399.703704
13051	3657	-798.911041	399.72186
13061	3825	-798.921369	399.725748
13071	3738	-798.899243	399.719532
13081	3775	-798.900696	399.721275
13091	3682	-798.886258	399.716752
13101	3970	-798.817495	399.698649
13111	3729	-798.879719	399.713981
13121	3826	-798.842161	399.705053
13131	3866	-798.838474	399.703298
13141	3882	-798.861578	399.709459
13151	3748	-798.838415	399.704661
13161	3696	-798.926829	399.726009
13171	3758	-798.864475	399.710576
13181	3584	-798.924816	399.726424
13191	3944	-798.808582	399.695853
13201	3762	-798.880994	399.715476
13211	3902	-798.868519	399.711301
13221	3652	-798.922018	399.725739
13231	3998	-798.834253	399.702819
13241	3790	-798.842384	399.704705
13251	3932	-798.830277	399.701306
13261	3984	-798.819094	399.696101
13271	3816	-798.907392	399.720142
13281	3958	-798.808523	399.6943
13291	3690	-798.924686	399.72598
13301	3988	-798.839786	399.704233
13311	3941	-798.84156	399.704305
13321	3914	-798.852939	399.706779
13331	3872	-798.844798	399.704148
13341	4018	-798.814782	399.697624
13351	3877	-798.922028	399.726013
13361	3850	-798.871043	399.712297
13371	3592	-798.961334	399.735398
13381	3850	-798.898737	399.719154
13391	3916	-798.889403	399.717422
13401	4034	-798.820685	399.69853
13411	3864	-798.839162	399.703527
13421	3896	-798.857909	399.708815
13431	3930	-798.89688	399.716477
13441	3772	-798.926568	399.726657
13451	4054	-798.813471	399.69742
13461	3880	-798.917465	399.724389
13471	3888	-798.854428	399.70752
13481	3984	-798.830947	399.701209
13491	3887	-798.879253	399.711511
13501	3992	-798.867047	399.712466
13511	3884	-798.854267	399.708386
13521	3792	-798.916057	399.723097
13531	3892	-798.848866	399.706895
13541	3731	-798.956946	399.734141
13551	3958	-798.860306	399.710427
13561	3856	-798.853477	399.706954
13571	3898	-798.860806	399.710412
13581	3921	-798.879317	399.71357
13591	4003	-798.842175	399.705099
13601	3938	-798.897728	399.719432
13611	4015	-798.823892	399.699361
13621	3884	-798.877909	399.713824
13631	3931	-798.847627	399.706698
13641	3992	-798.82472	399.698996
13651	3909	-798.836422	399.704197
13661	3986	-798.875046	399.713784
13671	3855	-798.850413	399.705654
13681	3874	-798.895695	399.720342
13691	3844	-798.915492	399.724198
13701	3964	-798.890592	399.716955
13711	4116	-798.816717	399.697177
13721	3964	-798.881423	399.716056
13731	4074	-798.840288	399.705921
13741	4038	-798.87228	399.713558
13751	3892	-798.871064	399.714203
13761	4058	-798.796308	399.693046
13771	3994	-798.814901	399.697335
13781	3824	-798.944924	399.732095
13791	3942	-798.869118	399.711261
13801	3808	-798.930802	399.726831
13811	4188	-798.802694	399.694446
13821	3964	-798.855654	399.709717
13831	4014	-798.855614	399.708626
13841	3877	-798.921465	399.724586
13851	4026	-798.893654	399.717277
13861	4044	-798.838179	399.704062
13871	4038	-798.841324	399.703122
13881	4252	-798.793171	399.691377
13891	4320	-798.795479	399.692031
13901	3998	-798.825696	399.70218
13911	4218	-798.824815	399.700669
13921	4146	-798.818188	399.698872
13931	4159	-798.814443	399.698371
13941	3998	-798.863783	399.710638
13951	4016	-798.846248	399.706114
13961	3984	-798.883748	399.716066
13971	4296	-798.756281	399.682056
13981	4010	-798.871898	399.713039
13991	4045	-798.805232	399.694232
14001	3998	-798.864938	399.711306
14011	4118	-798.877453	399.713654
14021	4338	-798.80465	399.695172
14031	3962	-798.867935	399.710783
14041	3932	-798.984403	399.740759
14051	4084	-798.890328	399.714611
14061	4048	-798.899367	399.718654
14071	4180	-798.818279	399.697818
14081	3972	-798.91627	399.724877
14091	4120	-798.831595	399.701795
14101	3944	-798.872704	399.71307
14111	4108	-798.883424	399.715258
14121	4170	-798.761278	399.682884
14131	4092	-798.855	399.708159
14141	4060	-798.87957	399.714589
14151	4143	-798.903823	399.72115
14161	4054	-798.92437	399.725019
14171	4282	-798.792181	399.690071
14181	4258	-798.835625	399.703406
14191	4056	-798.893665	399.716863
14201	4008	-798.888247	399.71664
14211	4004	-798.889311	399.717824
14221	4188	-798.851558	399.706631
14231	4144	-798.849835	399.706275
14241	4032	-798.910751	399.721508
14251	4102	-798.819171	399.698547
14261	4050	-798.905266	399.721899
14271	4456	-798.779062	399.688179
14281	4326	-798.811008	399.69596
14291	4010	-798.855783	399.708348
14301	4258	-798.828334	399.70086
14311	4176	-798.850395	399.704423
14321	4055	-798.874939	399.713986
14331	4018	-798.927639	399.726607
14341	4178	-798.810404	399.697511
14351	4148	-798.861403	399.710125
14361	4035	-798.882251	399.714226
14371	4146	-798.883863	399.714982
14381	4265	-798.829289	399.700994
14391	4128	-798.842332	399.705649
14401	4180	-798.918408	399.725158
14411	4187	-798.842828	399.705503
14421	4178	-798.861383	399.70959
14431	4040	-798.892662	399.717137
14441	3963	-798.861021	399.7093
14451	4158	-798.892257	399.716283
14461	4160	-798.837425	399.704446
14471	4122	-798.875821	399.711976
14481	4206	-798.829639	399.700849
14491	4338	-798.838175	399.703678
14501	4210	-798.866285	399.710503
14511	4082	-798.884984	399.716353
14521	4211	-798.872529	399.712417
14531	4220	-798.863671	399.709586
14541	4140	-798.913692	399.719827
14551	3886	-798.988935	399.742698
14561	4080	-798.890186	399.717739
14571	4328	-798.82726	399.699677
14581	4214	-798.837117	399.703998
14591	4372	-798.857378	399.707902
14601	4161	-798.884734	399.713444
14611	4274	-798.843885	399.704059
14621	4230	-798.88325	399.714931
14631	4183	-798.875812	399.714305
14641	4215	-798.837511	399.704255
14651	4462	-798.824927	399.69886
14661	4218	-798.85383	399.708888
14671	4257	-798.879967	399.714403
14681	4118	-798.852122	399.706696
14691	4136	-798.860255	399.710027
14701	4144	-798.877627	399.713897
14711	4000	-798.936306	399.729862
14721	4371	-798.815298	399.697847
14731	4269	-798.854932	399.708234
14741	4372	-798.868191	399.710874
14751	4261	-798.882516	399.716223
14761	4304	-798.799539	399.695007
14771	4268	-798.850992	399.706723
14781	4405	-798.786821	399.690549
14791	4235	-798.893652	399.719154
14801	4320	-798.886562	399.71556
14811	4376	-798.850044	399.706299
14821	4222	-798.904257	399.721071
14831	4286	-798.893399	399.718428
14841	4350	-798.804663	399.694899
14851	4358	-798.801966	399.694835
14861	4182	-798.898594	399.718458
14871	4344	-798.865981	399.710981
14881	4374	-798.896042	399.71803
14891	4262	-798.875025	399.713787
14901	4348	-798.840346	399.705255
14911	4293	-798.872778	399.71122
14921	4051	-798.952885	399.734334
14931	4464	-798.818565	399.698748
14941	4260	-798.884947	399.715146
14951	4277	-798.918601	399.724299
14961	4292	-798.874139	399.713388
14971	4300	-798.876495	399.712778
14981	4316	-798.832922	399.701889
14991	4484	-798.772063	399.686612
15001	4612	-798.780615	399.688021
15011	4246	-798.893611	399.71754
15021	4420	-798.860529	399.708808
15031	4518	-798.771871	399.687845
15041	4314	-798.915232	399.72196
15051	4392	-798.811242	399.697562
15061	4374	-798.863555	399.710112
15071	4424	-798.824497	399.699954
15081	4433	-798.834295	399.703866
15091	4244	-798.9175	399.724737
15101	4390	-798.86789	399.711807
15111	4296	-798.920786	399.723645
15121	4421	-798.883143	399.71576
15131	4320	-798.888375	399.716873
15141	4298	-798.887524	399.71772
15151	4467	-798.840209	399.704838
15161	4339	-798.894796	399.718488
15171	4274	-798.882869	399.715246
15181	4448	-798.841447	399.705948
15191	4490	-798.841419	399.703904
15201	4366	-798.887442	399.716203
15211	4318	-798.859773	399.710867
15221	4510	-798.846331	399.705013
15231	4384	-798.872825	399.713348
15241	4422	-798.83026	399.701594
15251	4282	-798.874041	399.71333
15261	4438	-798.858528	399.708407
15271	4356	-798.908519	399.721564
15281	4364	-798.853478	399.708003
15291	4510	-798.867569	399.711595
15301	4452	-798.826221	399.700935
15311	4358	-798.890732	399.717197
15321	4368	-798.897722	399.719862
15331	4348	-798.868437	399.711043
15341	4464	-798.887426	399.716707
15351	4390	-798.917856	399.724708
15361	4504	-798.835753	399.702624
15371	4078	-798.981979	399.740811
15381	4628	-798.796957	399.692998
15391	4284	-798.881164	399.714768
15401	4583	-798.845789	399.704305
15411	4508	-798.878204	399.71423
15421	4384	-798.879191	399.714286
15431	4435	-798.848811	399.705917
15441	4620	-798.824169	399.700278
15451	4451	-798.8736	399.713417
15461	4390	-798.934351	399.727443
15471	4382	-798.908409	399.721673
15481	4452	-798.853821	399.707771
15491	4442	-798.913692	399.72384
15501	4534	-798.868202	399.711244
15511	4470	-798.892141	399.718136
15521	4390	-798.899298	399.718188
15531	4480	-798.869101	399.711673
15541	4558	-798.87652	399.713403
15551	4424	-798.867211	399.71153
15561	4312	-798.928604	399.728295
15571	4768	-798.808297	399.695716
15581	4434	-798.896862	399.718632
15591	4586	-798.834969	399.702136
15601	4666	-798.790847	399.690661
15611	4504	-798.889245	399.717123
15621	4590	-798.869727	399.710774
15631	4490	-798.896552	399.71966
15641	4519	-798.890864	399.715875
15651	4392	-798.923008	399.726535
15661	4640	-798.823574	399.699253
15671	4560	-798.834535	399.703146
15681	4670	-798.836809	399.702825
15691	4636	-798.828373	399.701612
15701	4410	-798.909369	399.722183
15711	4686	-798.813061	399.697664
15721	4714	-798.788627	399.691495
15731	4669	-798.861611	399.708982
15741	4652	-798.809478	399.695572
15751	4574	-798.908006	399.721795
15761	4562	-798.875706	399.712455
15771	4496	-798.900514	399.718597
15781	4734	-798.781319	399.68874
15791	4514	-798.891014	399.715534
15801	4572	-798.868932	399.711664
15811	4424	-798.922016	399.72652
15821	4534	-798.901207	399.719487
15831	4480	-798.871076	399.710821
15841	4516	-798.903605	399.722492
15851	4548	-798.884108	399.714844
15861	4512	-798.868924	399.711368
15871	4524	-798.864848	399.710289
15881	4646	-798.874378	399.713368
15891	4836	-798.857215	399.70713
15901	4500	-798.871266	399.712471
15911	4836	-798.776947	399.687386
15921	4606	-798.880472	399.715093
15931	4560	-798.879166	399.714393
15941	4812	-798.764193	399.685591
15951	4795	-798.825403	399.699956
15961	4706	-798.840674	399.702525
15971	4798	-798.798072	399.694571
15981	4512	-798.874163	399.712534
15991	4718	-798.863361	399.711338
16001	4614	-798.88357	399.715518
16011	4770	-798.871526	399.712198
16021	4592	-798.880969	399.714999
16031	4484	-798.902876	399.72104
16041	4652	-798.874883	399.711863
16051	4772	-798.862376	399.709551
16061	4480	-798.9114	399.721437
16071	4782	-798.832431	399.701948
16081	4606	-798.893601	399.719296
16091	4720	-798.863961	399.711143
16101	4702	-798.867648	399.71095
16111	4830	-798.809012	399.697846
16121	4758	-798.780969	399.688357
16131	4796	-798.825119	399.698965
16141	4722	-798.877641	399.712657
16151	4742	-798.819144	399.698595
16161	4604	-798.869872	399.710785
16171	4690	-798.887144	399.716035
16181	4730	-798.865089	399.710772
16191	4742	-798.865296	399.710827
16201	4702	-798.891426	399.716684
16211	4692	-798.887669	399.716612
16221	4642	-798.878737	399.713335
16231	4664	-798.828168	399.700573
16241	4888	-798.789976	399.690906
16251	4702	-798.86727	399.710172
16261	4714	-798.833282	399.702847
16271	4482	-798.935284	399.729457
16281	4722	-798.865426	399.712671
16291	4822	-798.866613	399.711129
16301	4763	-798.841543	399.704558
16311	4752	-798.857213	399.709889
16321	4858	-798.807671	399.695484
16331	4594	-798.900251	399.720654
16341	4530	-798.913898	399.723762
16351	4675	-798.881781	399.714513
16361	4759	-798.903001	399.720433
16371	4618	-798.869953	399.711563
16381	4717	-798.854527	399.706611
16391	4544	-798.887926	399.716552
16401	4743	-798.862996	399.710262
16411	4782	-798.85199	399.707513
16421	4870	-798.842458	399.705621
16431	4844	-798.866776	399.710547
16441	4792	-798.892038	399.717779
16451	4806	-798.80445	399.695216
16461	4746	-798.795213	399.691635
16471	4780	-798.879971	399.71465
16481	4764	-798.863904	399.710576
16491	4653	-798.869444	399.711843
16501	4930	-798.82189	399.698927
16511	4687	-798.911271	399.722851
16521	4900	-798.824042	399.700987
16531	4666	-798.939689	399.728994
16541	4766	-798.829575	399.702195
16551	4736	-798.887801	399.716754
16561	4892	-798.841857	399.704124
16571	4712	-798.91111	399.72301
16581	4830	-798.861589	399.709306
16591	4848	-798.874329	399.713459
16601	4876	-798.861273	399.710017
16611	4604	-798.897357	399.719704
16621	4821	-798.8831	399.715541
16631	4671	-798.878239	399.714509
16641	4856	-798.872664	399.713118
16651	4830	-798.85076	399.707165
16661	4928	-798.856971	399.708061
16671	4808	-798.873013	399.711715
16681	4770	-798.852827	399.707212
16691	4750	-798.906956	399.720568
16701	4938	-798.821388	399.699659
16711	4980	-798.845551	399.705104
16721	4784	-798.890258	399.716763
16731	4653	-798.900484	399.719682
16741	4798	-798.844752	399.705752
16751	4862	-798.858098	399.708555
16761	4742	-798.925124	399.725553
16771	4882	-798.890227	399.716415
16781	4834	-798.861808	399.710029
16791	4850	-798.886546	399.715681
16801	4952	-798.845069	399.706327
16811	4928	-798.840045	399.704836
16821	4732	-798.882587	399.716069
16831	4942	-798.842612	399.70483
16841	4960	-798.834511	399.702274
16851	4892	-798.895258	399.718118
16861	4954	-798.836368	399.702983
16871	4978	-798.792484	399.69166
16881	4742	-798.917837	399.723121
16891	4730	-798.91161	399.723877
16901	4838	-798.890953	399.717413
16911	5104	-798.777364	399.687422
16921	4724	-798.919686	399.723421
16931	4996	-798.830784	399.703266
16941	5062	-798.782835	399.688448
16951	4978	-798.875583	399.713645
16961	4932	-798.873887	399.713932
16971	4934	-798.827176	399.701137
16981	4908	-798.882516	399.714269
16991	4934	-798.832794	399.701489
17001	4850	-798.899594	399.719193
17011	4753	-798.894833	399.718888
17021	4880	-798.881852	399.713765
17031	4840	-798.908578	399.722036
17041	4790	-798.884338	399.716096
17051	5046	-798.813442	399.696792
17061	4980	-798.820702	399.698845
17071	4820	-798.911839	399.72257
17081	4936	-798.859786	399.708448
17091	4822	-798.887602	399.716927
17101	5005	-798.825332	399.700953
17111	4952	-798.82485	399.701011
17121	4916	-798.921325	399.725016
17131	4868	-798.88156	399.713852
17141	4979	-798.838574	399.704218
17151	4880	-798.919013	399.72573
17161	4996	-798.851116	399.706894
17171	5034	-798.865529	399.710326
17181	4864	-798.907398	399.721669
17191	5126	-798.790065	399.691001
17201	4936	-798.823324	399.700599
17211	4998	-798.853059	399.708094
17221	5054	-798.83793	399.702805
17231	5104	-798.810284	399.696129
17241	4982	-798.862943	399.709994
17251	5108	-798.847835	399.704829
17261	4972	-798.873298	399.712068
17271	4898	-798.909154	399.721614
17281	5000	-798.841271	399.703952
17291	4988	-798.885432	399.716153
17301	4994	-798.881452	399.714699
17311	5128	-798.829877	399.701461
17321	5055	-798.909763	399.72161
17331	4920	-798.844383	399.70596
17341	4972	-798.896488	399.718586
17351	5158	-798.812979	399.697424
17361	5086	-798.840389	399.704741
17371	4908	-798.897473	399.719763
17381	5084	-798.871181	399.711754
17391	5256	-798.819159	399.69973
17401	5006	-798.880984	399.714269
17411	5004	-798.850152	399.706967
17421	5216	-798.827851	399.700706
17431	4682	-798.933624	399.728989
17441	4888	-798.908778	399.72169
17451	5160	-798.819781	399.699501
17461	5024	-798.844511	399.705286
17471	4896	-798.901036	399.719764
17481	5188	-798.838968	399.703564
17491	5080	-798.846721	399.705677
17501	4934	-798.867036	399.710988
17511	4840	-798.92913	399.727029
17521	5128	-798.844586	399.70561
17531	5124	-798.853688	399.706805
17541	4994	-798.893564	399.716322
17551	4922	-798.886445	399.716028
17561	5118	-798.880702	399.714937
17571	5038	-798.850378	399.707131
17581	5124	-798.836016	399.70252
17591	5080	-798.901711	399.721107
17601	5284	-798.824158	399.699563
17611	4954	-798.93135	399.727443
17621	5010	-798.884286	399.71534
17631	5110	-798.860416	399.709149
17641	5162	-798.828638	399.702058
17651	5191	-798.859215	399.709138
17661	5224	-798.811619	399.694128
17671	5010	-798.909852	399.722823
17681	4966	-798.898931	399.717776
17691	5247	-798.87536	399.713187
17701	5162	-798.852494	399.7077
17711	5084	-798.910959	399.722658
17721	4930	-798.907962	399.722589
17731	5114	-798.84857	399.707405
17741	5090	-798.876275	399.71377
17751	5086	-798.843333	399.703341
17761	5320	-798.864929	399.710602
17771	5156	-798.852963	399.707388
17781	5004	-798.95259	399.734886
17791	5130	-798.833118	399.701759
17801	5034	-798.873546	399.711926
17811	5034	-798.906069	399.720959
17821	5038	-798.859323	399.709219
17831	5356	-798.826987	399.700073
17841	5367	-798.82047	399.698896
17851	5322	-798.862585	399.708364
17861	5210	-798.823806	399.700129
17871	5196	-798.827374	399.70164
17881	5216	-798.831385	399.701247
17891	5108	-798.908725	399.720865
17901	5202	-798.834032	399.702586
17911	5056	-798.939199	399.729663
17921	5238	-798.838681	399.703811
17931	5229	-798.880821	399.715019
17941	5255	-798.857812	399.7086
17951	5414	-798.796947	399.693388
17961	5172	-798.872223	399.712934
17971	5176	-798.877747	399.713761
17981	5314	-798.84656	399.704021
17991	5190	-798.878773	399.714746
18001	5250	-798.842509	399.705239
18011	5328	-798.86647	399.709955
18021	5190	-798.873758	399.713112
18031	5152	-798.853308	399.707282
18041	5242	-798.887645	399.716756
18051	5042	-798.915074	399.72345
18061	5206	-798.881568	399.713748
18071	5056	-798.919816	399.724088
18081	5356	-798.854046	399.707428
18091	5368	-798.846056	399.706152
18101	5278	-798.831225	399.701895
18111	5086	-798.91403	399.724146
18121	5376	-798.816401	399.697699
18131	5284	-798.791462	399.692681
18141	5294	-798.841299	399.704978
18151	5388	-798.825409	399.699851
18161	5218	-798.861076	399.709267
18171	4992	-798.917396	399.723956
18181	5322	-798.839668	399.704417
18191	5361	-798.866692	399.709966
18201	5353	-798.857645	399.709906
18211	5315	-798.836527	399.702158
18221	5220	-798.899292	399.719554
18231	5362	-798.855795	399.70786
18241	5272	-798.849405	399.705499
18251	5172	-798.839077	399.703468
18261	5470	-798.82898	399.701002
18271	5336	-798.884133	399.714739
18281	5126	-798.873803	399.713911
18291	5290	-798.852769	399.706741
18301	5382	-798.851429	399.70559
18311	5346	-798.819071	399.698323
18321	5174	-798.89613	399.718138
18331	5446	-798.824941	399.700835
18341	5299	-798.842811	399.705469
18351	5326	-798.818811	399.69909
18361	5412	-798.847122	399.705789
18371	5210	-798.916989	399.724022
18381	5273	-798.899951	399.720146
18391	5330	-798.879887	399.714752
18401	5384	-798.81876	399.699038
18411	5356	-798.859378	399.708544
18421	5408	-798.846534	399.706531
18431	5300	-798.850198	399.707992
18441	5362	-798.868391	399.710211
18451	5342	-798.900656	399.719582
18461	5269	-798.876117	399.7141
18471	5288	-798.871745	399.711548
18481	5268	-798.852876	399.706726
18491	5182	-798.940674	399.728949
18501	5364	-798.808281	399.696449
18511	5508	-798.789477	399.692723
18521	5438	-798.826197	399.6998
18531	5153	-798.909071	399.721764
18541	5476	-798.856157	399.707783
18551	5465	-798.845992	399.705137
18561	5408	-798.862777	399.71036
18571	5500	-798.840127	399.704162
18581	5260	-798.876702	399.713578
18591	5314	-798.896886	399.718681
18601	5192	-798.934036	399.728509
18611	5352	-798.867766	399.711783
18621	5440	-798.854197	399.707749
18631	5250	-798.884655	399.71585
18641	5522	-798.845555	399.706561
18651	5557	-798.824513	399.699426
18661	5587	-798.797921	399.691549
18671	5500	-798.860907	399.710246
18681	5262	-798.884856	399.715433
18691	5544	-798.816543	399.697715
18701	5306	-798.864446	399.710176
18711	5414	-798.880872	399.715141
18721	5373	-798.865659	399.710379
18731	5368	-798.865624	399.71096
18741	5624	-798.822475	399.699269
18751	5282	-798.902032	399.719588
18761	5494	-798.897713	399.717606
18771	5358	-798.854403	399.708486
18781	5466	-798.868857	399.710346
18791	5548	-798.835613	399.703156
18801	5398	-798.90942	399.721185
18811	5483	-798.898729	399.718888
18821	5354	-798.883375	399.714255
18831	5462	-798.813021	399.696777
18841	5442	-798.879677	399.714346
18851	5278	-798.89364	399.717256
18861	5477	-798.855204	399.708817
18871	5498	-798.839489	399.704626
18881	5552	-798.892432	399.718341
18891	5501	-798.862739	399.709174
18901	5360	-798.930639	399.727739
18911	5393	-798.886997	399.716567
18921	5498	-798.849532	399.704878
18931	5502	-798.862606	399.709683
18941	5458	-798.87799	399.713848
18951	5476	-798.876471	399.713049
18961	5531	-798.892885	399.717104
18971	5457	-798.866902	399.711033
18981	5690	-798.833149	399.702545
18991	5430	-798.865147	399.709968
19001	5346	-798.895427	399.718015
19011	5364	-798.894956	399.718058
19021	5396	-798.918669	399.723674
19031	5345	-798.900951	399.719195
19041	5396	-798.871278	399.709574
19051	5352	-798.913233	399.723059
19061	5462	-798.88988	399.71565
19071	5664	-798.82712	399.700488
19081	5378	-798.912845	399.722761
19091	5544	-798.847834	399.70562
19101	5598	-798.867494	399.711429
19111	5554	-798.878761	399.715033
19121	5688	-798.791695	399.691439
19131	5590	-798.888296	399.716899
19141	5342	-798.912492	399.722167
19151	5582	-798.877761	399.713749
19161	5534	-798.849956	399.705652
19171	5336	-798.950081	399.73366
19181	5656	-798.8376	399.701997
19191	5514	-798.898859	399.71966
19201	5438	-798.896307	399.719598
19211	5564	-798.896257	399.717454
19221	5568	-798.864159	399.708444
19231	5524	-798.865998	399.710675
19241	5494	-798.926459	399.727249
19251	5562	-798.881513	399.714301
19261	5448	-798.87254	399.713826
19271	5714	-798.85486	399.708474
19281	5504	-798.844043	399.704165
19291	5622	-798.833238	399.703178
19301	5566	-798.882338	399.715041
19311	5512	-798.853917	399.708042
19321	5725	-798.831116	399.702396
19331	5516	-798.828824	399.70193
19341	5578	-798.881547	399.713872
19351	5558	-798.870963	399.710713
19361	5679	-798.833945	399.702805
19371	5706	-798.86201	399.710185
19381	5545	-798.901398	399.719726
19391	5616	-798.827291	399.701408
19401	5932	-798.807072	399.693727
19411	5548	-798.858379	399.709031
19421	5642	-798.845168	399.705679
19431	5554	-798.90649	399.721991
19441	5710	-798.846767	399.705468
19451	5710	-798.845098	399.705928
19461	5606	-798.880633	399.71502
19471	5720	-798.87525	399.714344
19481	5444	-798.885068	399.716236
19491	5534	-798.863886	399.710328
19501	5710	-798.863238	399.710374
19511	5792	-798.821178	399.699452
19521	5594	-798.901696	399.720813
19531	5754	-798.855358	399.707542
19541	5694	-798.846528	399.70544
19551	5770	-798.7884	399.68953
19561	5552	-798.909667	399.722305
19571	5898	-798.8205	399.698534
19581	5458	-798.924672	399.725346
19591	5596	-798.883773	399.715686
19601	5632	-798.857813	399.709096
19611	5862	-798.84269	399.704452
19621	5734	-798.845523	399.7045
19631	5496	-798.908054	399.722174
19641	5638	-798.847309	399.706838
19651	5594	-798.906519	399.721337
19661	5706	-798.846854	399.706526
19671	5678	-798.861878	399.709115
19681	5759	-798.821401	399.699406
19691	5416	-798.907724	399.720786
19701	5638	-798.848992	399.706309
19711	5522	-798.915124	399.723302
19721	5670	-798.883627	399.714619
19731	5790	-798.845877	399.705438
19741	5748	-798.853351	399.707411
19751	5690	-798.858387	399.708673
19761	5822	-798.843581	399.704772
19771	5632	-798.919023	399.725355
19781	5695	-798.878115	399.714069
19791	5734	-798.852408	399.707039
19801	5824	-798.864704	399.710621
19811	5632	-798.885064	399.716117
19821	5458	-798.90278	399.721003
19831	5556	-798.884373	399.716303
19841	5746	-798.868605	399.712212
19851	5822	-798.869578	399.712256
19861	5712	-798.877398	399.714113
19871	5542	-798.919229	399.725127
19881	5642	-798.852975	399.707761
19891	5678	-798.909255	399.722085
19901	5788	-798.865987	399.709964
19911	5748	-798.86977	399.711717
19921	5802	-798.893429	399.717685
19931	5822	-798.842005	399.704681
19941	5866	-798.871872	399.711649
19951	5796	-798.867024	399.711192
19961	5826	-798.804068	399.695406
19971	5662	-798.844525	399.705573
19981	5692	-798.872729	399.711426
19991	5972	-798.792857	399.691361
20001	5850	-798.877856	399.714414
20011	5884	-798.838839	399.703763
20021	5909	-798.867389	399.711303
20031	6012	-798.823024	399.700964
20041	5632	-798.909436	399.722269
20051	5948	-798.833175	399.702359
20061	5861	-798.837545	399.703106
20071	5556	-798.883563	399.715012
20081	6086	-798.841293	399.704796
20091	5657	-798.908964	399.722662
20101	5694	-798.886424	399.714542
20111	5824	-798.867088	399.710407
20121	6079	-798.826301	399.699916
20131	6038	-798.850529	399.708112
20141	5712	-798.887642	399.716399
20151	5976	-798.848891	399.706417
20161	6112	-798.812956	399.696642
20171	5656	-798.9006	399.719498
20181	5762	-798.908875	399.721818
20191	5786	-798.924669	399.726908
20201	5907	-798.873917	399.71348
20211	5714	-798.917817	399.724506
20221	5753	-798.885317	399.715741
20231	5824	-798.882112	399.714695
20241	5862	-798.884245	399.715133
20251	5876	-798.868402	399.710928
20261	5824	-798.891861	399.717684
20271	6035	-798.819003	399.698584
20281	5818	-798.885065	399.715497
20291	5826	-798.898428	399.720763
20301	5802	-798.878479	399.714201
20311	5896	-798.865836	399.710403
20321	5852	-798.890212	399.717632
20331	5924	-798.815995	399.697801
20341	5920	-798.872229	399.713288
20351	6018	-798.828755	399.701047
20361	5906	-798.808899	399.695595
20371	5990	-798.834814	399.702813
20381	6092	-798.794956	399.693342
20391	5884	-798.883625	399.715463
20401	5825	-798.907701	399.721582
20411	5980	-798.841605	399.704375
20421	6044	-798.863327	399.71069
20431	5875	-798.833341	399.701434
20441	5944	-798.826476	399.700015
20451	5902	-798.872427	399.712288
20461	6068	-798.86379	399.71018
20471	5890	-798.878218	399.713448
20481	6038	-798.863727	399.710756
20491	5914	-798.880289	399.714021
20501	5894	-798.891761	399.716892
20511	5912	-798.860514	399.708839
20521	5944	-798.862044	399.709273
20531	5988	-798.792265	399.690419
20541	5710	-798.927803	399.726011
20551	6052	-798.882585	399.71544
20561	5906	-798.882934	399.716648
20571	6034	-798.833115	399.702105
20581	5828	-798.873135	399.711676
20591	5910	-798.863775	399.710553
20601	5988	-798.875783	399.71215
20611	5946	-798.877493	399.713454
20621	5907	-798.856699	399.707871
20631	5974	-798.842712	399.704328
20641	6048	-798.849281	399.707088
20651	5798	-798.917631	399.724178
20661	6128	-798.823871	399.699627
20671	6164	-798.844178	399.705384
20681	6122	-798.832165	399.702432
20691	6022	-798.852835	399.706152
20701	6032	-798.842182	399.704942
20711	5986	-798.853942	399.708174
20721	5724	-798.945611	399.731673
20731	5906	-798.891708	399.7182
20741	5978	-798.8637	399.710332
20751	6000	-798.843429	399.704785
20761	6036	-798.864024	399.711189
20771	6092	-798.84435	399.705358
20781	5982	-798.876474	399.713007
20791	6150	-798.830648	399.701986
20801	6109	-798.824864	399.700591
20811	6319	-798.820047	399.697564
20821	6072	-798.851736	399.707315
20831	6240	-798.802362	399.69459
20841	6048	-798.895638	399.719207
20851	6044	-798.889646	399.717999
20861	5956	-798.875989	399.713149
20871	6012	-798.871544	399.713191
20881	6064	-798.873809	399.712945
20891	6144	-798.81729	399.69786
20901	6202	-798.8546	399.708339
20911	5766	-798.9089	399.721486
20921	6034	-798.882463	399.71617
20931	6022	-798.861211	399.709808
20941	5880	-798.911609	399.722076
20951	6016	-798.865734	399.710849
20961	6106	-798.850437	399.70717
20971	6112	-798.858042	399.709217
20981	6076	-798.845813	399.705638
20991	5963	-798.894193	399.71807
21001	6236	-798.852626	399.706776
21011	5888	-798.954452	399.733473
21021	5792	-798.860949	399.709148
21031	6064	-798.884884	399.715087
21041	6038	-798.869065	399.710945
21051	6184	-798.864662	399.709277
21061	6181	-798.81848	399.698875
21071	6102	-798.860234	399.709458
21081	6004	-798.885442	399.716048
21091	5815	-798.91366	399.722062
21101	6084	-798.831714	399.702573
21111	6053	-798.906731	399.721472
21121	6230	-798.848539	399.705317
21131	6168	-798.896976	399.719086
21141	6167	-798.873469	399.713069
21151	6110	-798.868139	399.71207
21161	6220	-798.840319	399.703795
21171	6038	-798.872042	399.713382
21181	6156	-798.872386	399.713517
21191	6144	-798.892171	399.717238
21201	6072	-798.870053	399.711334
21211	6166	-798.806846	399.694121
21221	6290	-798.816078	399.697093
21231	6158	-798.847346	399.706938
21241	6166	-798.856928	399.707547
21251	6066	-798.902075	399.721143
21261	6096	-798.850854	399.706317
21271	6232	-798.833341	399.702976
21281	6040	-798.902307	399.72022
21291	5962	-798.936076	399.728618
21301	6078	-798.881555	399.714567
21311	6176	-798.823143	399.699779
21321	6232	-798.824633	399.701984
21331	6228	-798.887066	399.716375
21341	5930	-798.938382	399.728598
21351	6270	-798.859445	399.707555
21361	6270	-798.860915	399.70919
21371	6104	-798.850779	399.706518
21381	6112	-798.878256	399.713858
21391	6060	-798.85765	399.70913
21401	6216	-798.861735	399.709359
21411	6354	-798.797627	399.694363
21421	6136	-798.861118	399.708884
21431	6124	-798.87938	399.714526
21441	6085	-798.868709	399.711487
21451	6052	-798.90765	399.721878
21461	6272	-798.89418	399.717534
21471	6370	-798.842718	399.704532
21481	6316	-798.865044	399.710069
21491	6442	-798.867991	399.711972
21501	6276	-798.876517	399.713316
21511	6332	-798.828878	399.701176
21521	6030	-798.866038	399.712002
21531	6258	-798.871209	399.712879
21541	6246	-798.863748	399.710877
21551	6454	-798.796715	399.693471
21561	6154	-798.882427	399.715876
21571	6480	-798.808586	399.696166
21581	6330	-798.840091	399.704277
21591	6228	-798.841369	399.704784
21601	6222	-798.890607	399.71742
21611	6368	-798.823747	399.70006
21621	6064	-798.912539	399.722955
21631	6496	-798.817438	399.698673
21641	6398	-798.859387	399.708978
21651	6286	-798.836636	399.702647
21661	6426	-798.841235	399.704538
21671	6226	-798.850261	399.706059
21681	6136	-798.855957	399.708408
21691	6368	-798.816099	399.698308
21701	6248	-798.878577	399.714207
21711	6374	-798.862696	399.709732
21721	6385	-798.828047	399.701763
21731	5918	-798.917491	399.725369
21741	6266	-798.858562	399.709765
21751	6318	-798.850811	399.707232
21761	6095	-798.935527	399.72777
21771	6226	-798.906986	399.720821
21781	6390	-798.856251	399.707543
21791	6400	-798.829425	399.701436
21801	6650	-798.787212	399.690198
21811	6396	-798.837284	399.703177
21821	6564	-798.791256	399.692131
21831	6175	-798.898081	399.719298
21841	6476	-798.864521	399.710361
21851	6323	-798.908608	399.720654
21861	6213	-798.902703	399.720141
21871	6462	-798.819624	399.699785
21881	6440	-798.830584	399.702025
21891	6430	-798.86748	399.711114
21901	6418	-798.827086	399.700836
21911	6628	-798.803523	399.694035
21921	6561	-798.832717	399.702386
21931	6394	-798.85842	399.709817
21941	6330	-798.867508	399.71077
21951	6196	-798.886611	399.716004
21961	6608	-798.845226	399.705569
21971	6224	-798.897274	399.718538
21981	6428	-798.834266	399.703653
21991	6278	-798.923742	399.725979
22001	6347	-798.827144	399.702286
22011	6186	-798.91636	399.723774
22021	6452	-798.873076	399.712365
22031	6510	-798.873587	399.712314
22041	6202	-798.937253	399.729504
22051	6410	-798.84885	399.706136
22061	6276	-798.870042	399.711708
22071	6300	-798.868742	399.711748
22081	6418	-798.868167	399.710792
22091	6348	-798.909058	399.721787
22101	6428	-798.80838	399.697027
22111	6207	-798.922346	399.725386
22121	6266	-798.882871	399.715384
22131	6362	-798.882111	399.714789
22141	6652	-798.784337	399.690258
22151	6569	-798.850977	399.707011
22161	6572	-798.88561	399.716439
22171	6388	-798.898381	399.719363
22181	6456	-798.837203	399.70344
22191	6352	-798.854491	399.707719
22201	6396	-798.894284	399.718481
22211	6368	-798.869929	399.712215
22221	6190	-798.950902	399.733045
22231	6290	-798.914849	399.72255
22241	6524	-798.838362	399.701812
22251	6386	-798.867467	399.710844
22261	6582	-798.818741	399.697318
22271	6478	-798.849984	399.706883
22281	6450	-798.864862	399.711054
22291	6590	-798.824099	399.700956
22301	6540	-798.857271	399.70943
22311	6420	-798.886469	399.715566
22321	6686	-798.807043	399.696429
22331	6354	-798.903229	399.720926
22341	6355	-798.919117	399.724184
22351	6394	-798.889714	399.715896
22361	6548	-798.841912	399.704128
22371	6661	-798.844576	399.705154
22381	6300	-798.912292	399.722533
22391	6462	-798.864365	399.71033
22401	6376	-798.890764	399.717513
22411	6422	-798.860917	399.708982
22421	6178	-798.923866	399.726417
22431	6708	-798.810753	399.696402
22441	6502	-798.838376	399.703757
22451	6370	-798.901786	399.72028
22461	6340	-798.882151	399.714438
22471	6630	-798.873748	399.712251
22481	6292	-798.919443	399.724301
22491	6324	-798.894313	399.717754
22501	6252	-798.925203	399.72659
22511	6486	-798.869353	399.710719
22521	6598	-798.836464	399.703654
22531	6583	-798.828104	399.701655
22541	6572	-798.871745	399.712169
22551	6536	-798.852734	399.707507
22561	6408	-798.899162	399.718541
22571	6428	-798.89203	399.7184
22581	6528	-798.879943	399.713742
22591	6538	-798.875836	399.713957
22601	6732	-798.79669	399.692934
22611	6288	-798.902127	399.720313
22621	6466	-798.867424	399.711065
22631	6500	-798.891609	399.717821
22641	6672	-798.832737	399.701427
22651	6510	-798.854797	399.708799
22661	6594	-798.893429	399.717753
22671	6498	-798.860924	399.710291
22681	6458	-798.877651	399.713505
22691	6322	-798.951126	399.733198
22701	6823	-798.818907	399.697106
22711	6578	-798.850777	399.706926
22721	6664	-798.862198	399.710136
22731	6586	-798.878008	399.713783
22741	6484	-798.8683	399.711094
22751	6746	-798.858775	399.709375
22761	6397	-798.919555	399.724792
22771	6696	-798.850292	399.706469
22781	6644	-798.872745	399.71248
22791	6622	-798.84937	399.705761
22801	6588	-798.891452	399.718258
22811	6528	-798.900004	399.718732
22821	6868	-798.812848	399.696508
22831	6472	-798.872761	399.712934
22841	6699	-798.861521	399.70947
22851	6482	-798.894753	399.718087
22861	6486	-798.877039	399.713661
22871	6538	-798.871059	399.711512
22881	6838	-798.800927	399.693807
22891	6579	-798.866454	399.710891
22901	6690	-798.843719	399.705602
22911	6530	-798.89433	399.717865
22921	6518	-798.896034	399.717726
22931	6662	-798.842789	399.704592
22941	6576	-798.873632	399.712567
22951	6520	-798.89922	399.718879
22961	6540	-798.889595	399.717347
22971	6666	-798.854556	399.707109
22981	6610	-798.895958	399.718898
22991	6717	-798.880084	399.714149
23001	6700	-798.860919	399.710187
23011	6670	-798.84351	399.705098
23021	6948	-798.804743	399.69454
23031	6848	-798.834441	399.703183
23041	6672	-798.857862	399.708259
23051	6774	-798.89046	399.715934
23061	6638	-798.841681	399.704696
23071	6696	-798.883967	399.71514
23081	6722	-798.854469	399.708158
23091	6826	-798.821186	399.698757
23101	6644	-798.881607	399.715337
23111	6934	-798.838994	399.703172
23121	6818	-798.814238	399.697937
23131	6834	-798.855216	399.707924
23141	6614	-798.885096	399.715051
23151	6428	-798.910457	399.721999
23161	6748	-798.847545	399.705539
23171	6750	-798.857192	399.709119
23181	6656	-798.868211	399.710884
23191	6712	-798.895261	399.71739
23201	7110	-798.775053	399.686651
23211	6555	-798.906208	399.721425
23221	6733	-798.890315	399.71698
23231	6710	-798.890104	399.716844
23241	6668	-798.854094	399.706983
23251	6740	-798.898972	399.720528
23261	6632	-798.898242	399.719531
23271	6854	-798.852477	399.706759
23281	6836	-798.86053	399.709978
23291	6878	-798.854321	399.707183
23301	6880	-798.825801	399.700356
23311	6778	-798.886019	399.716786
23321	6888	-798.814459	399.696325
23331	6658	-798.89829	399.719429
23341	6972	-798.80108	399.693244
23351	6744	-798.870627	399.712646
23361	6860	-798.866487	399.71003
23371	6714	-798.867485	399.711437
23381	6700	-798.887644	399.716864
23391	6562	-798.890684	399.718524
23401	6660	-798.901927	399.720268
23411	6690	-798.854726	399.707915
23421	6872	-798.85197	399.70804
23431	6892	-798.848363	399.706201
23441	6910	-798.841517	399.705388
23451	6634	-798.845934	399.70594
23461	7008	-798.835173	399.704105
23471	6942	-798.802948	399.695284
23481	6704	-798.864784	399.711426
23491	7028	-798.81163	399.69682
23501	6832	-798.883111	399.715672
23511	6718	-798.87576	399.714346
23521	6916	-798.878449	399.714298
23531	6950	-798.830309	399.7015
23541	6706	-798.889597	399.716665
23551	6796	-798.889389	399.71619
23561	6904	-798.869657	399.711982
23571	6930	-798.858428	399.708625
23581	6740	-798.883169	399.713498
23591	6832	-798.859565	399.708448
23601	6740	-798.869031	399.71069
23611	6832	-798.828173	399.700987
23621	6796	-798.867618	399.710512
23631	6768	-798.915154	399.723499
23641	6784	-798.87822	399.71321
23651	6758	-798.889518	399.717052
23661	6954	-798.823211	399.700858
23671	6955	-798.847873	399.706476
23681	6616	-798.920147	399.725434
23691	6941	-798.870964	399.712971
23701	6898	-798.835155	399.702797
23711	6848	-798.818776	399.699464
23721	6976	-798.876439	399.713587
23731	6760	-798.881295	399.715056
23741	6984	-798.865086	399.71029
23751	6910	-798.8723	399.711338
23761	6753	-798.887421	399.716426
23771	7070	-798.831854	399.702326
23781	6726	-798.880451	399.714562
23791	7010	-798.79736	399.693245
23801	6886	-798.900718	399.720684
23811	7140	-798.825417	399.701063
23821	6922	-798.894925	399.718652
23831	6834	-798.906299	399.721455
23841	6912	-798.856424	399.707311
23851	6884	-798.84181	399.70517
23861	7040	-798.83341	399.702192
23871	6780	-798.911483	399.722592
23881	7206	-798.861354	399.708639
23891	6720	-798.843079	399.704742
23901	6912	-798.863981	399.710305
23911	6824	-798.887876	399.715863
23921	6906	-798.86493	399.709711
23931	6960	-798.83816	399.703899
23941	6930	-798.851343	399.706779
23951	6846	-798.90443	399.721515
23961	7312	-798.793039	399.693252
23971	6963	-798.841433	399.705144
23981	6874	-798.914641	399.723615
23991	7176	-798.828727	399.700471
24001	6740	-798.922545	399.725261
24011	6818	-798.872017	399.712965
24021	7310	-798.785396	399.690771
24031	7046	-798.825018	399.700803
24041	6810	-798.896552	399.718231
24051	6896	-798.913642	399.723005
24061	6996	-798.910602	399.722871
24071	7094	-798.866852	399.711437
24081	6909	-798.841576	399.704082
24091	7092	-798.868623	399.711012
24101	6860	-798.876561	399.713124
24111	6870	-798.896603	399.718137
24121	7080	-798.868538	399.71104
24131	7076	-798.835357	399.702457
24141	6826	-798.849923	399.707137
24151	6943	-798.853381	399.707507
24161	6844	-798.893589	399.718472
24171	6894	-798.880642	399.714699
24181	7346	-798.795418	399.692899
24191	6930	-798.898103	399.718904
24201	7278	-798.825007	399.699351
24211	7044	-798.882491	399.715419
24221	6928	-798.842327	399.704471
24231	7032	-798.857827	399.708225
24241	7054	-798.860443	399.709995
24251	7230	-798.786854	399.690734
24261	7162	-798.826759	399.700012
24271	6792	-798.916237	399.723291
24281	7182	-798.849141	399.707343
24291	7156	-798.859825	399.709769
24301	7208	-798.809926	399.697132
24311	7030	-798.863889	399.710419
24321	7084	-798.862711	399.70988
24331	7156	-798.843944	399.705561
24341	7101	-798.835545	399.701902
24351	7004	-798.883824	399.715741
24361	7300	-798.829769	399.701162
24371	7314	-798.806779	399.694555
24381	7169	-798.828924	399.700915
24391	7034	-798.865647	399.711369
24401	7216	-798.844965	399.705504
24411	7072	-798.911638	399.721765
24421	6932	-798.873265	399.713525
24431	6998	-798.859646	399.709386
24441	7028	-798.872878	399.712205
24451	7348	-798.801358	399.693346
24461	6894	-798.857447	399.708352
24471	7226	-798.82751	399.700298
24481	6904	-798.912299	399.723377
24491	7064	-798.874199	399.712956
24501	7184	-798.823232	399.699441
24511	7290	-798.809025	399.696463
24521	7124	-798.852575	399.707353
24531	7024	-798.883372	399.715707
24541	7186	-798.882849	399.714437
24551	7020	-798.893568	399.717649
24561	7268	-798.83995	399.703351
24571	7124	-798.855073	399.708193
24581	7180	-798.863512	399.709857
24591	7102	-798.848684	399.706234
24601	7118	-798.873379	399.711394
24611	7100	-798.824428	399.700215
24621	7120	-798.887941	399.715934
24631	7276	-798.844545	399.706061
24641	7208	-798.837223	399.703178
24651	7208	-798.874853	399.712791
24661	7251	-798.901261	399.719882
24671	7062	-798.861497	399.709375
24681	7032	-798.873303	399.712734
24691	7270	-798.824997	399.699891
24701	7146	-798.863204	399.711186
24711	7259	-798.842783	399.704585
24721	6958	-798.915578	399.723636
24731	7326	-798.849379	399.707331
24741	7159	-798.834162	399.701548
24751	7008	-798.854511	399.707487
24761	7296	-798.850935	399.706959
24771	7140	-798.884502	399.715635
24781	7284	-798.884791	399.716476
24791	6902	-798.904764	399.720302
24801	7178	-798.880206	399.714124
24811	7326	-798.855185	399.708355
24821	6966	-798.887716	399.716208
24831	6846	-798.933269	399.728887
24841	7170	-798.848517	399.706373
24851	7246	-798.85075	399.706893
24861	7352	-798.77511	399.688106
24871	7154	-798.855213	399.708737
24881	7028	-798.870303	399.712552
24891	7256	-798.817082	399.697401
24901	7258	-798.864945	399.710453
24911	7258	-798.88194	399.715066
24921	7215	-798.863609	399.710927
24931	7244	-798.849946	399.706951
24941	7476	-798.801652	399.693998
24951	7378	-798.797643	399.693239
24961	7143	-798.829053	399.702416
24971	7283	-798.847143	399.706139
24981	7161	-798.879949	399.712101
24991	6845	-798.930495	399.728142
