n                   spin_accpt          Ecalc                Mabs_calc          
1	0	-800.000000	400.000000
21	12	-798.285714	399.523810
41	12	-798.048780	399.512195
61	22	-799.081967	399.770492
81	20	-798.864198	399.703704
101	36	-798.495050	399.623762
121	34	-798.809917	399.702479
141	44	-799.007092	399.730496
161	52	-798.633540	399.652174
181	56	-798.563536	399.624309
201	48	-798.925373	399.731343
221	72	-798.986425	399.746606
241	50	-799.219917	399.800830
261	80	-798.681992	399.655172
281	75	-798.818505	399.701068
301	80	-798.697674	399.654485
321	95	-798.928349	399.707165
341	114	-798.838710	399.706745
361	120	-798.936288	399.734072
381	108	-798.908136	399.721785
401	94	-798.932668	399.730673
421	98	-798.888361	399.714964
441	134	-798.920635	399.718821
461	120	-799.201735	399.800434
481	138	-799.027027	399.754678
501	166	-798.618762	399.648703
521	150	-798.902111	399.719770
541	129	-798.979667	399.741220
561	158	-798.737968	399.679144
581	178	-798.870912	399.714286
601	160	-798.782030	399.690516
621	180	-798.840580	399.710145
641	218	-798.602184	399.644306
661	170	-798.662632	399.661120
681	190	-798.813510	399.697504
701	220	-798.744650	399.683310
721	216	-798.790569	399.686546
741	221	-798.763833	399.689609
761	202	-798.927727	399.724047
781	234	-798.965429	399.738796
801	272	-798.621723	399.647940
821	256	-798.806334	399.695493
841	246	-798.725327	399.671819
861	234	-798.908246	399.723577
881	236	-799.001135	399.738933
901	264	-799.049945	399.758047
921	308	-798.640608	399.648208
941	234	-798.971307	399.742827
961	254	-799.030177	399.754422
981	294	-798.874618	399.710499
1001	274	-798.909091	399.726274
1021	296	-798.636631	399.655240
1041	291	-798.831892	399.706052
1061	348	-798.552309	399.622997
1081	284	-798.686401	399.668825
1101	312	-798.830154	399.700272
1121	356	-798.672614	399.662801
1141	320	-798.822086	399.696757
1161	390	-798.797588	399.691645
1181	340	-798.790855	399.686706
1201	341	-798.810991	399.696919
1221	359	-798.909091	399.726454
1241	340	-798.878324	399.717969
1261	383	-798.991277	399.744647
1281	380	-798.794692	399.692428
1301	398	-798.794773	399.692544
1321	396	-798.697956	399.668433
1341	350	-799.149888	399.785235
1361	342	-799.068332	399.764879
1381	386	-798.922520	399.723389
1401	382	-798.820842	399.700214
1421	392	-798.890922	399.722730
1441	423	-798.814712	399.700208
1461	492	-798.592745	399.641342
1481	414	-798.798109	399.696151
1501	426	-798.880746	399.716189
1521	416	-798.908613	399.715976
1541	444	-798.925373	399.726152
1561	448	-798.885330	399.713004
1581	435	-798.904491	399.722960
1601	476	-798.760775	399.681449
1621	454	-798.867366	399.711289
1641	466	-798.854357	399.711152
1661	502	-798.728477	399.673691
1681	482	-798.857823	399.709697
1701	478	-798.878307	399.714286
1721	448	-798.921557	399.725741
1741	500	-798.766226	399.689833
1761	552	-798.678024	399.662692
1781	502	-798.746771	399.683324
1801	473	-798.953914	399.732371
1821	560	-798.717188	399.672707
1841	522	-798.687670	399.664313
1861	570	-798.897367	399.718431
1881	622	-798.819777	399.700159
1901	524	-798.872173	399.712783
1921	528	-798.927642	399.723061
1941	556	-798.940752	399.729006
1961	528	-798.957675	399.735849
1981	602	-798.824836	399.696113
2001	538	-798.972514	399.740130
2021	510	-799.036121	399.754577
2041	546	-798.973052	399.735424
2061	614	-798.944202	399.731198
2081	653	-798.616050	399.648246
2101	570	-798.971918	399.739172
2121	560	-798.898633	399.719943
2141	678	-798.686595	399.664643
2161	656	-798.883850	399.717723
2181	676	-798.716185	399.673544
2201	664	-798.802363	399.695593
2221	625	-799.004052	399.747861
2241	698	-798.745203	399.680500
2261	608	-798.980982	399.742592
2281	654	-798.853135	399.708023
2301	600	-799.082138	399.767927
2321	670	-798.866006	399.712193
2341	720	-798.791969	399.691585
2361	720	-798.776789	399.688268
2381	693	-798.897942	399.719446
2401	670	-798.980425	399.740941
2421	646	-799.013631	399.750516
2441	768	-798.697255	399.667349
2461	684	-798.829744	399.702560
2481	664	-798.890770	399.718662
2501	732	-798.853259	399.710516
2521	684	-798.971837	399.738199
2541	800	-798.849272	399.707989
2561	712	-798.956658	399.733698
2581	748	-798.893452	399.721038
2601	756	-798.855825	399.707036
2621	780	-798.704311	399.671118
2641	762	-798.801969	399.691783
2661	752	-798.980834	399.740699
2681	716	-798.927266	399.727714
2701	748	-798.907071	399.723806
2721	755	-798.819552	399.700110
2741	787	-798.836921	399.702298
2761	816	-798.807678	399.696487
2781	790	-798.955771	399.733909
2801	784	-798.823277	399.702249
2821	822	-798.876994	399.711450
2841	820	-798.911651	399.724041
2861	788	-798.870325	399.708494
2881	854	-798.717112	399.673724
2901	834	-798.854188	399.708376
2921	854	-798.868881	399.710373
2941	818	-798.875213	399.714383
2961	822	-798.942249	399.729821
2981	896	-798.785642	399.691379
3001	900	-798.837721	399.704765
3021	883	-798.961933	399.735849
3041	820	-798.896416	399.717856
3061	838	-798.882718	399.713819
3081	898	-798.912042	399.722168
3101	858	-798.819736	399.699452
3121	866	-798.851650	399.706504
3141	826	-798.983763	399.742120
3161	922	-798.858589	399.708320
3181	902	-798.877083	399.715813
3201	1024	-798.685411	399.662605
3221	920	-798.855014	399.708165
3241	904	-798.832459	399.703178
3261	934	-798.914443	399.722171
3281	968	-798.857665	399.708016
3301	985	-798.794305	399.689185
3321	1156	-798.654622	399.656730
3341	960	-798.868602	399.709668
3361	956	-799.001488	399.745314
3381	938	-798.969536	399.739130
3401	1000	-798.823875	399.699500
3421	978	-798.891552	399.716457
3441	1002	-798.937518	399.728567
3461	928	-798.896273	399.718578
3481	1054	-798.726803	399.675381
3501	1052	-798.831191	399.700657
3521	982	-798.910537	399.723374
3541	1010	-798.925727	399.727761
3561	1020	-798.862117	399.711879
3581	1008	-798.817090	399.696174
3601	1042	-798.919189	399.722299
3621	1098	-798.802541	399.694007
3641	1128	-798.811316	399.696787
3661	1024	-798.907402	399.723573
3681	1070	-798.866612	399.712578
3701	1070	-798.896514	399.721697
3721	1090	-798.798173	399.692556
3741	1014	-798.887998	399.719861
3761	1080	-798.891784	399.718160
3781	1162	-798.819360	399.696377
3801	1088	-798.684557	399.663247
3821	1014	-798.976184	399.739335
3841	1126	-798.801354	399.695913
3861	1092	-798.902875	399.719762
3881	1142	-798.893069	399.720691
3901	1170	-798.839272	399.700077
3921	1080	-798.931905	399.725580
3941	1180	-798.761736	399.684344
3961	1048	-798.861904	399.710679
3981	1134	-798.876664	399.714645
4001	1168	-798.922269	399.724069
4021	1160	-798.862969	399.710520
4041	1126	-798.877506	399.713932
4061	1146	-798.941148	399.730116
4081	1248	-798.728743	399.674099
4101	1159	-798.989515	399.741039
4121	1184	-798.952681	399.734530
4141	1204	-798.852451	399.708766
4161	1190	-798.968517	399.738044
4181	1200	-798.861516	399.709639
4201	1288	-798.757439	399.680076
4221	1244	-798.808813	399.692016
4241	1262	-798.895544	399.719406
4261	1252	-798.830322	399.701479
4281	1296	-798.806821	399.693062
4301	1244	-798.869100	399.709370
4321	1204	-798.946540	399.732469
4341	1266	-798.845427	399.703755
4361	1354	-798.707636	399.667507
4381	1250	-798.879708	399.716047
4401	1280	-798.867530	399.709611
4421	1237	-798.901606	399.716354
4441	1225	-798.977708	399.738798
4461	1256	-798.908765	399.717104
4481	1308	-798.883285	399.716135
4501	1278	-798.956676	399.736947
4521	1260	-798.833886	399.701393
4541	1334	-798.883065	399.715922
4561	1332	-798.940583	399.727691
4581	1268	-798.976643	399.738922
4601	1374	-798.894153	399.718322
4621	1316	-798.918849	399.723869
4641	1338	-798.839905	399.703943
4661	1364	-798.810556	399.697061
4681	1290	-798.969451	399.736808
4701	1308	-798.879387	399.714954
4721	1442	-798.796018	399.694556
4741	1392	-798.836532	399.702594
4761	1354	-798.951481	399.731149
4781	1467	-798.816147	399.699226
4801	1348	-798.816080	399.698813
4821	1322	-798.894005	399.718316
4841	1444	-798.784549	399.690147
4861	1446	-798.822465	399.698416
4881	1436	-798.844499	399.704569
4901	1430	-798.920220	399.725770
4921	1371	-798.874213	399.714692
4941	1398	-798.887675	399.716657
4961	1440	-798.859907	399.709333
4981	1504	-798.837984	399.703674
5001	1478	-798.810638	399.698460
5021	1356	-798.913364	399.723163
5041	1456	-798.822456	399.698869
5061	1510	-798.851610	399.706382
5081	1432	-798.888408	399.716591
5101	1614	-798.850421	399.707900
5121	1400	-798.885374	399.717633
5141	1498	-798.794787	399.693056
5161	1371	-799.041271	399.756636
5181	1519	-798.942289	399.732098
5201	1478	-798.902519	399.720438
5221	1494	-798.898295	399.719211
5241	1526	-798.897920	399.717993
5261	1472	-798.918076	399.722106
5281	1492	-798.931263	399.725810
5301	1584	-798.883984	399.714016
5321	1486	-798.897200	399.715843
5341	1552	-798.867628	399.709043
5361	1588	-798.847976	399.705652
5381	1554	-798.899089	399.721613
5401	1466	-799.020922	399.751157
5421	1640	-798.781037	399.688249
5441	1478	-798.948723	399.731299
5461	1368	-799.029482	399.755356
5481	1531	-798.841817	399.704433
5501	1570	-798.806762	399.698237
5521	1590	-798.813258	399.698243
5541	1550	-798.882512	399.716297
5561	1726	-798.750584	399.678835
5581	1560	-798.917757	399.726572
5601	1669	-798.785931	399.686842
5621	1686	-798.788828	399.687956
5641	1644	-798.903031	399.720617
5661	1650	-798.877937	399.713125
5681	1570	-798.914980	399.722936
5701	1620	-798.914576	399.723557
5721	1766	-798.812795	399.695158
5741	1608	-798.938164	399.731406
5761	1540	-798.970318	399.737546
5781	1664	-798.793980	399.691057
5801	1718	-798.869160	399.713153
5821	1690	-798.833190	399.699708
5841	1646	-798.874850	399.713063
5861	1696	-798.841153	399.702099
5881	1722	-798.832852	399.702772
5901	1750	-798.891713	399.716658
5921	1700	-798.848168	399.706469
5941	1666	-798.878977	399.713516
5961	1658	-798.935749	399.727227
5981	1755	-798.806220	399.693697
6001	1691	-798.860190	399.710048
6021	1792	-798.897857	399.718651
6041	1849	-798.880318	399.714286
6061	1766	-798.851015	399.708299
6081	1784	-798.802828	399.692485
6101	1842	-798.840190	399.703655
6121	1856	-798.820454	399.698089
6141	1772	-798.852956	399.708191
6161	1772	-798.915760	399.724720
6181	1816	-798.762013	399.685811
6201	1850	-798.885986	399.716497
6221	1878	-798.730751	399.676258
6241	1938	-798.818138	399.696843
6261	1838	-798.821913	399.700048
6281	1856	-798.881707	399.713421
6301	1762	-798.849706	399.706713
6321	1990	-798.743870	399.681063
6341	1716	-798.964201	399.736004
6361	1717	-798.893885	399.720170
6381	1932	-798.765711	399.684375
6401	1904	-798.815810	399.698172
6421	1918	-798.854384	399.709391
6441	1882	-798.888992	399.717125
6461	1854	-798.908528	399.722644
6481	1833	-798.893381	399.718253
6501	1782	-798.954622	399.735118
6521	1816	-798.853550	399.705260
6541	1936	-798.893136	399.716863
6561	1954	-798.863588	399.710715
6581	1836	-798.904726	399.722231
6601	1976	-798.834722	399.701257
6621	1998	-798.757892	399.681619
6641	2023	-798.730914	399.676254
6661	1938	-798.857229	399.707551
6681	1906	-798.952851	399.734172
6701	1876	-798.885539	399.716460
6721	1988	-798.819818	399.700045
6741	1980	-798.753894	399.682540
6761	2092	-798.776512	399.689987
6781	1876	-798.901637	399.720100
6801	1968	-798.824879	399.699162
6821	1968	-798.800762	399.695646
6841	1978	-798.860985	399.710276
6861	2148	-798.789681	399.692173
6881	2008	-798.822264	399.700916
6901	1978	-798.875525	399.713665
6921	2124	-798.770120	399.685306
6941	2038	-798.886039	399.716179
6961	2032	-798.845568	399.706077
6981	2034	-798.844292	399.707205
7001	1974	-798.866448	399.710898
7021	2098	-798.849737	399.706595
7041	2002	-798.874592	399.712541
7061	2128	-798.782609	399.690129
7081	2053	-798.812597	399.696653
7101	2074	-798.911139	399.723983
7121	2050	-798.799045	399.693021
7141	2016	-798.892592	399.715726
7161	2184	-798.797933	399.693060
7181	2116	-798.863668	399.708954
7201	2032	-798.906263	399.721705
7221	2164	-798.843373	399.706412
7241	2114	-798.851540	399.707775
7261	2218	-798.757747	399.683239
7281	2098	-798.933663	399.727235
7301	2233	-798.812765	399.697850
7321	2178	-798.867368	399.712334
7341	2230	-798.800163	399.694320
7361	2216	-798.851243	399.708735
7381	2180	-798.813169	399.697060
7401	2080	-798.878530	399.715714
7421	2272	-798.726317	399.673898
7441	2256	-798.793711	399.693590
7461	2159	-798.893446	399.719609
7481	2126	-798.951477	399.732923
7501	2146	-798.835889	399.704573
7521	2142	-798.894296	399.720250
7541	2228	-798.875481	399.713831
7561	2168	-798.868933	399.710885
7581	2228	-798.839203	399.705580
7601	2118	-798.876464	399.715827
7621	2168	-798.840047	399.706338
7641	2278	-798.815862	399.697160
7661	2132	-798.893617	399.717791
7681	2268	-798.812655	399.697435
7701	2122	-798.904038	399.721075
7721	2244	-798.915166	399.722575
7741	2290	-798.809456	399.698230
7761	2180	-798.915604	399.724778
7781	2295	-798.750803	399.678448
7801	2192	-798.877580	399.713114
7821	2326	-798.903465	399.721519
7841	2316	-798.907792	399.722229
7861	2268	-798.888182	399.717084
7881	2324	-798.824007	399.699023
7901	2320	-798.796102	399.691938
7921	2224	-798.891554	399.717207
7941	2316	-798.842463	399.705327
7961	2322	-798.778545	399.690491
7981	2252	-798.922441	399.724847
8001	2412	-798.846144	399.704537
8021	2370	-798.876449	399.713502
8041	2290	-798.810098	399.698048
8061	2222	-798.956457	399.735020
8081	2334	-798.827373	399.700532
8101	2362	-798.844093	399.706456
8121	2344	-798.838074	399.703485
8141	2392	-798.820292	399.697334
8161	2459	-798.837397	399.702978
8181	2410	-798.836328	399.703459
8201	2336	-798.884039	399.716620
8221	2472	-798.818149	399.697360
8241	2328	-798.862759	399.708288
8261	2360	-798.945890	399.730057
8281	2398	-798.853279	399.707765
8301	2410	-798.786652	399.691362
8321	2520	-798.831390	399.702920
8341	2498	-798.874955	399.713703
8361	2404	-798.909700	399.721325
8381	2372	-798.929961	399.728195
8401	2421	-798.847756	399.705273
8421	2430	-798.829593	399.700036
8441	2449	-798.900130	399.718280
8461	2492	-798.853563	399.707836
8481	2446	-798.911449	399.721259
8501	2517	-798.870721	399.712269
8521	2415	-798.912804	399.723741
8541	2404	-798.910198	399.722515
8561	2418	-798.903399	399.720126
8581	2604	-798.875656	399.713553
8601	2494	-798.850831	399.705616
8621	2475	-798.886440	399.716042
8641	2564	-798.829302	399.702581
8661	2534	-798.846323	399.706962
8681	2442	-798.914872	399.722382
8701	2592	-798.870475	399.711527
8721	2524	-798.827199	399.702786
8741	2564	-798.859169	399.709187
8761	2580	-798.886428	399.716699
8781	2496	-798.942262	399.731010
8801	2638	-798.838314	399.705261
8821	2480	-798.913955	399.724068
8841	2612	-798.857143	399.708178
8861	2621	-798.861077	399.708385
8881	2548	-798.979394	399.739894
8901	2592	-798.848219	399.704977
8921	2554	-798.922542	399.725143
8941	2576	-798.842635	399.704284
8961	2450	-798.878697	399.713871
8981	2530	-798.906135	399.720521
9001	2734	-798.781469	399.687590
9021	2712	-798.822304	399.700477
9041	2704	-798.770490	399.686097
9061	2646	-798.923298	399.723872
9081	2590	-798.900121	399.719194
9101	2742	-798.799253	399.693221
9121	2715	-798.864598	399.710558
9141	2749	-798.824199	399.700470
9161	2632	-798.870866	399.713132
9181	2664	-798.818429	399.700251
9201	2612	-798.929682	399.726769
9221	2707	-798.865199	399.708058
9241	2722	-798.853371	399.705443
9261	2681	-798.849368	399.706511
9281	2754	-798.811766	399.696153
9301	2598	-798.898183	399.718310
9321	2670	-798.943890	399.731359
9341	2640	-798.941869	399.728937
9361	2752	-798.859951	399.709005
9381	2692	-798.859823	399.710905
9401	2788	-798.858419	399.710244
9421	2766	-798.855323	399.709373
9441	2824	-798.817074	399.697913
9461	2829	-798.802241	399.693056
9481	2608	-798.924164	399.725978
9501	2868	-798.830018	399.701926
9521	2670	-798.913560	399.722718
9541	2684	-798.925060	399.726863
9561	2806	-798.852003	399.706307
9581	2660	-798.911596	399.722993
9601	2842	-798.849287	399.705239
9621	2720	-798.897828	399.718948
9641	2762	-798.899284	399.719324
9661	2860	-798.807577	399.694649
9681	2730	-798.900940	399.720070
9701	2990	-798.786105	399.690341
9721	2760	-798.847444	399.708260
9741	2673	-798.893748	399.719536
9761	2730	-798.950927	399.732200
9781	2842	-798.829976	399.701462
9801	2778	-798.908275	399.720845
9821	2882	-798.884839	399.714693
9841	2769	-798.887511	399.716289
9861	2846	-798.845148	399.706723
9881	2840	-798.857201	399.708936
9901	2806	-798.932633	399.727502
9921	2870	-798.884790	399.717367
9941	2929	-798.777990	399.688764
9961	2818	-798.905331	399.720510
9981	2770	-798.916341	399.723074
10001	2901	-798.836516	399.703430
10021	2904	-798.822074	399.699631
10041	2918	-798.840753	399.705209
10061	2843	-798.894344	399.718119
10081	2954	-798.900109	399.719075
10101	2944	-798.859519	399.707752
10121	3081	-798.764944	399.685802
10141	2954	-798.880189	399.713638
10161	2854	-798.895384	399.718925
10181	2960	-798.857087	399.711227
10201	2940	-798.846780	399.706303
10221	2856	-798.901869	399.720380
10241	2928	-798.887999	399.716825
10261	2924	-798.831303	399.701199
10281	2840	-798.908666	399.723568
10301	3052	-798.862635	399.708960
10321	2769	-798.960566	399.736072
10341	3042	-798.885601	399.714728
10361	2978	-798.861114	399.710646
10381	2996	-798.887968	399.716790
10401	3156	-798.809345	399.695606
10421	3106	-798.878419	399.711736
10441	3042	-798.852600	399.708457
10461	3042	-798.933563	399.728515
10481	3154	-798.829883	399.701555
10501	3066	-798.822969	399.699076
10521	3100	-798.792130	399.691474
10541	3014	-798.854378	399.707049
10561	3162	-798.847836	399.704005
10581	3144	-798.785370	399.690010
10601	3002	-798.892180	399.719272
10621	3068	-798.818567	399.698710
10641	3160	-798.798985	399.693074
10661	3078	-798.909671	399.720852
10681	2995	-798.957775	399.735231
10701	3044	-798.908887	399.720213
10721	3153	-798.832572	399.702080
10741	3100	-798.905875	399.722000
10761	2898	-798.969984	399.737757
10781	2998	-798.913644	399.724330
10801	2914	-798.932691	399.726877
10821	3338	-798.794936	399.691341
10841	3220	-798.832580	399.704455
10861	3199	-798.842096	399.705184
10881	3111	-798.926569	399.726496
10901	3232	-798.866893	399.711586
10921	3222	-798.878857	399.713213
10941	2994	-798.914907	399.723974
10961	3032	-798.941702	399.730134
10981	3224	-798.892633	399.716237
11001	3154	-798.899373	399.718935
11021	3224	-798.864350	399.710734
11041	3222	-798.886333	399.715424
11061	3292	-798.841334	399.704728
11081	3284	-798.840538	399.703998
11101	3223	-798.822809	399.698946
11121	3352	-798.801547	399.695711
11141	3024	-798.916435	399.724441
11161	3132	-798.826628	399.702715
11181	3246	-798.855916	399.706824
11201	3268	-798.830104	399.701455
11221	3238	-798.881383	399.713929
11241	3338	-798.855974	399.708745
11261	3205	-798.865465	399.711571
11281	3370	-798.832728	399.701268
11301	3302	-798.850013	399.704982
11321	3392	-798.859111	399.709920
11341	3288	-798.915087	399.722776
11361	3298	-798.808204	399.694041
11381	3372	-798.816273	399.699499
11401	3219	-798.912025	399.723182
11421	3356	-798.809912	399.696874
11441	3460	-798.877371	399.713312
11461	3456	-798.811273	399.697932
11481	3344	-798.844352	399.706472
11501	3288	-798.852622	399.708199
11521	3210	-798.870237	399.711831
11541	3282	-798.841002	399.703492
11561	3386	-798.770695	399.686013
11581	3356	-798.911666	399.723340
11601	3308	-798.864925	399.710025
11621	3234	-798.924361	399.727562
11641	3348	-798.862641	399.711709
11661	3376	-798.873510	399.712889
11681	3448	-798.817225	399.700026
11701	3400	-798.904709	399.721391
11721	3242	-798.911697	399.722720
11741	3540	-798.869602	399.713312
11761	3142	-798.918119	399.724683
11781	3556	-798.846957	399.706816
11801	3428	-798.908228	399.721888
11821	3528	-798.878606	399.711869
11841	3548	-798.817330	399.697492
11861	3512	-798.844280	399.706433
11881	3428	-798.886962	399.715344
11901	3530	-798.902949	399.721032
11921	3397	-798.892375	399.716131
11941	3453	-798.869106	399.712252
11961	3481	-798.808795	399.695009
11981	3476	-798.861865	399.710041
12001	3478	-798.863428	399.711691
12021	3450	-798.896598	399.718825
12041	3680	-798.808737	399.695540
12061	3474	-798.905232	399.721084
12081	3608	-798.801093	399.695058
12101	3433	-798.877118	399.712916
12121	3504	-798.834420	399.702995
12141	3498	-798.890042	399.716333
12161	3586	-798.812269	399.697722
12181	3580	-798.862162	399.709876
12201	3404	-798.931891	399.728383
12221	3572	-798.855086	399.708534
12241	3540	-798.888980	399.716363
12261	3520	-798.895686	399.718457
12281	3556	-798.889993	399.716798
12301	3664	-798.856678	399.708804
12321	3498	-798.923789	399.726808
12341	3434	-798.894741	399.719148
12361	3730	-798.813041	399.698568
12381	3558	-798.920604	399.725709
12401	3513	-798.934925	399.728086
12421	3570	-798.835520	399.701956
12441	3806	-798.843501	399.704204
12461	3576	-798.925929	399.725223
12481	3684	-798.825415	399.700825
12501	3532	-798.848092	399.706743
12521	3554	-798.870058	399.711844
12541	3616	-798.821147	399.699545
12561	3640	-798.868561	399.711806
12581	3696	-798.788014	399.691439
12601	3617	-798.895008	399.717007
12621	3614	-798.869503	399.711909
12641	3711	-798.862115	399.709991
12661	3546	-798.923940	399.726246
12681	3761	-798.834477	399.703809
12701	3710	-798.875049	399.713723
12721	3640	-798.840972	399.705998
12741	3610	-798.865395	399.711483
12761	3760	-798.830813	399.700807
12781	3774	-798.832955	399.703623
12801	3670	-798.812280	399.697524
12821	3614	-798.894938	399.718899
12841	3622	-798.864263	399.708901
12861	3916	-798.798227	399.692559
12881	3688	-798.882074	399.716792
12901	3822	-798.871095	399.712890
12921	3759	-798.809380	399.696463
12941	3874	-798.779383	399.688123
12961	3756	-798.867989	399.710362
12981	3640	-798.871273	399.712349
13001	3694	-798.877932	399.713560
13021	3854	-798.841256	399.705399
13041	3854	-798.870025	399.711832
13061	3684	-798.873593	399.712426
13081	3846	-798.797645	399.692990
13101	3930	-798.838562	399.702618
13121	3680	-798.901303	399.720601
13141	3722	-798.862491	399.710981
13161	3698	-798.850543	399.707773
13181	3796	-798.892649	399.715651
13201	3772	-798.926748	399.726839
13221	3739	-798.907193	399.720596
13241	3789	-798.858999	399.708179
13261	4068	-798.812156	399.695347
13281	3842	-798.869061	399.711769
13301	3852	-798.840388	399.704082
13321	3650	-798.981758	399.742061
13341	3910	-798.883142	399.716513
13361	3882	-798.864456	399.710201
13381	3837	-798.896644	399.719303
13401	3948	-798.865159	399.710917
13421	3788	-798.930631	399.727442
13441	3936	-798.846812	399.703445
13461	3810	-798.887453	399.716366
13481	4022	-798.820859	399.698390
13501	3872	-798.900230	399.717947
13521	3892	-798.895348	399.717920
13541	4002	-798.873643	399.713167
13561	3884	-798.895657	399.718310
13581	3874	-798.889331	399.717399
13601	3805	-798.890082	399.717815
13621	4088	-798.800382	399.693855
13641	4024	-798.821494	399.698849
13661	3920	-798.913110	399.721689
13681	3834	-798.881368	399.715810
13701	3944	-798.858186	399.709218
13721	3840	-798.925151	399.726113
13741	4014	-798.854232	399.707882
13761	3922	-798.909382	399.722404
13781	4008	-798.847108	399.705682
13801	3950	-798.854866	399.708282
13821	4014	-798.880834	399.715071
13841	3844	-798.906726	399.722274
13861	4014	-798.857802	399.709833
13881	4016	-798.843023	399.703768
13901	3982	-798.888425	399.716711
13921	4034	-798.847497	399.705194
13941	3930	-798.895632	399.718815
13961	4008	-798.873147	399.714061
13981	4168	-798.808669	399.694442
14001	4083	-798.794658	399.691736
14021	4024	-798.921903	399.725269
14041	4112	-798.837975	399.703582
14061	4152	-798.867221	399.711258
14081	3896	-798.889852	399.716497
14101	4048	-798.896816	399.720587
14121	4268	-798.795553	399.691240
14141	4086	-798.865427	399.709497
14161	3994	-798.887649	399.716263
14181	4052	-798.880756	399.715817
14201	4084	-798.878952	399.712696
14221	4012	-798.915969	399.722945
14241	4136	-798.846148	399.705779
14261	4210	-798.827011	399.699600
14281	4118	-798.837897	399.703522
14301	4050	-798.879239	399.714286
14321	4152	-798.800642	399.694854
14341	4191	-798.850289	399.705320
14361	4164	-798.873616	399.712555
14381	4278	-798.832348	399.701968
14401	4331	-798.812860	399.695299
14421	3906	-798.964011	399.735802
14441	4196	-798.837754	399.704037
14461	4298	-798.838531	399.703617
14481	4210	-798.858366	399.708722
14501	4142	-798.875388	399.712985
14521	4068	-798.879416	399.711866
14541	4134	-798.886734	399.716113
14561	4306	-798.847881	399.705927
14581	4100	-798.924902	399.726219
14601	4334	-798.845832	399.704815
14621	4098	-798.885712	399.716572
14641	4222	-798.838331	399.705621
14661	4300	-798.894209	399.718573
14681	4252	-798.848852	399.705333
14701	4334	-798.815319	399.698660
14721	4130	-798.882685	399.716324
14741	4316	-798.857337	399.709246
14761	4160	-798.918230	399.724544
14781	4143	-798.970841	399.738854
14801	4242	-798.860077	399.709479
14821	4166	-798.889953	399.715674
14841	4478	-798.765582	399.685331
14861	4238	-798.887827	399.715362
14881	4214	-798.925072	399.726228
14901	4196	-798.924636	399.726193
14921	4294	-798.858253	399.709805
14941	4339	-798.838900	399.704705
14961	4520	-798.827618	399.700421
14981	4276	-798.921567	399.724184
15001	4310	-798.924872	399.727085
15021	4401	-798.869849	399.712935
15041	4350	-798.862576	399.709993
15061	4344	-798.816015	399.698028
15081	4338	-798.868775	399.711955
15101	4252	-798.872657	399.713794
15121	4339	-798.892930	399.717479
15141	4320	-798.870352	399.712569
15161	4394	-798.853374	399.707539
15181	4304	-798.870430	399.712799
15201	4492	-798.851918	399.707125
15221	4472	-798.864201	399.710663
15241	4498	-798.803491	399.693983
15261	4610	-798.824454	399.699233
15281	4371	-798.917087	399.724494
15301	4523	-798.795111	399.692177
15321	4552	-798.849945	399.707721
15341	4582	-798.806597	399.695457
15361	4476	-798.902415	399.720331
15381	4516	-798.858332	399.708602
15401	4500	-798.810986	399.697682
15421	4608	-798.802153	399.694183
15441	4476	-798.914837	399.723464
15461	4484	-798.890887	399.717095
15481	4465	-798.841160	399.705316
15501	4402	-798.870524	399.712277
15521	4410	-798.917338	399.725018
15541	4514	-798.856187	399.708513
15561	4582	-798.833751	399.702590
15581	4446	-798.905077	399.719017
15601	4486	-798.893917	399.717967
15621	4640	-798.823123	399.700019
15641	4549	-798.847133	399.705390
15661	4734	-798.840432	399.705000
15681	4406	-798.914100	399.724125
15701	4626	-798.878543	399.713521
15721	4528	-798.872591	399.713123
15741	4665	-798.826758	399.701163
15761	4638	-798.875452	399.712328
15781	4684	-798.834801	399.703187
15801	4638	-798.852478	399.707487
15821	4654	-798.871373	399.711396
15841	4666	-798.800581	399.694337
15861	4752	-798.814451	399.696993
15881	4656	-798.826270	399.700397
15901	4718	-798.844349	399.704421
15921	4696	-798.844796	399.705546
15941	4748	-798.837212	399.702277
15961	4536	-798.888541	399.716183
15981	4766	-798.816094	399.697391
16001	4538	-798.893569	399.718018
16021	4508	-798.891705	399.716747
16041	4628	-798.839474	399.704133
16061	4608	-798.867816	399.711226
16081	4806	-798.815994	399.698277
16101	4606	-798.845041	399.704987
16121	4736	-798.902053	399.718876
16141	4466	-798.900688	399.721083
16161	4660	-798.879772	399.715240
16181	4714	-798.872999	399.711637
16201	4670	-798.840072	399.704216
16221	4644	-798.879724	399.714937
16241	5044	-798.767071	399.684625
16261	4857	-798.817293	399.698420
16281	4650	-798.892943	399.718076
16301	4728	-798.887676	399.716950
16321	4670	-798.894676	399.719748
16341	4519	-798.925402	399.726455
16361	4956	-798.809119	399.696107
16381	4875	-798.814724	399.698675
16401	4676	-798.879824	399.713676
16421	4862	-798.864137	399.710858
16441	4850	-798.841190	399.704398
16461	4660	-798.931292	399.728571
16481	4840	-798.807839	399.696378
16501	4734	-798.831828	399.701715
16521	4762	-798.856486	399.708250
16541	4812	-798.873345	399.712351
16561	4812	-798.871083	399.711974
16581	4812	-798.854110	399.708823
16601	4840	-798.806337	399.695320
16621	4822	-798.855905	399.707719
16641	5042	-798.786852	399.691004
16661	4746	-798.886741	399.715743
16681	4846	-798.881122	399.715485
16701	4836	-798.867134	399.710676
16721	4769	-798.868728	399.710902
16741	4716	-798.892778	399.717221
16761	4844	-798.859734	399.709803
16781	4840	-798.869197	399.712174
16801	4976	-798.822451	399.699542
16821	4746	-798.940134	399.730813
16841	4930	-798.829523	399.699899
16861	4872	-798.871716	399.712473
16881	5054	-798.812867	399.696700
16901	4910	-798.876516	399.713626
16921	4956	-798.823947	399.699309
16941	4986	-798.850835	399.707573
16961	4860	-798.876481	399.712989
16981	4976	-798.844591	399.706260
17001	4841	-798.862890	399.708958
17021	5173	-798.835321	399.703425
17041	5184	-798.779649	399.687812
17061	4992	-798.805228	399.695211
17081	5000	-798.858849	399.709736
17101	4944	-798.871177	399.712765
17121	4726	-798.916886	399.722563
17141	4952	-798.868211	399.711452
17161	5096	-798.899132	399.719480
17181	5096	-798.901577	399.720505
17201	4972	-798.883786	399.715947
17221	4964	-798.864642	399.710818
17241	4986	-798.852039	399.707326
17261	5102	-798.826719	399.699554
17281	4856	-798.911174	399.722238
17301	5002	-798.873360	399.711693
17321	4910	-798.894059	399.717915
17341	5094	-798.872268	399.712589
17361	4946	-798.903750	399.721329
17381	4820	-798.869340	399.711869
17401	5192	-798.832481	399.702316
17421	5132	-798.868492	399.711038
17441	4872	-798.908319	399.721920
17461	5060	-798.851612	399.707462
17481	4958	-798.884274	399.715920
17501	4928	-798.888064	399.717388
17521	5014	-798.893899	399.717254
17541	5245	-798.831310	399.701157
17561	4934	-798.911907	399.721542
17581	4942	-798.882885	399.714237
17601	5102	-798.888927	399.717857
17621	5036	-798.829124	399.702401
17641	5260	-798.815260	399.698883
17661	5165	-798.863258	399.709643
17681	5255	-798.834681	399.702845
17701	5292	-798.822213	399.700130
17721	5154	-798.886519	399.713899
17741	5119	-798.853278	399.707119
17761	5246	-798.815607	399.698215
17781	5284	-798.820764	399.699792
17801	4974	-798.940060	399.729453
17821	5024	-798.856854	399.708209
17841	5206	-798.877193	399.714142
17861	5372	-798.803203	399.695538
17881	5324	-798.872323	399.712544
17901	5148	-798.818167	399.699346
17921	5294	-798.824619	399.699347
17941	5184	-798.878769	399.714174
17961	5352	-798.823228	399.699905
17981	4988	-798.948223	399.733274
18001	5046	-798.898506	399.717682
18021	5101	-798.891293	399.716886
18041	5100	-798.874342	399.713209
18061	5126	-798.925641	399.726261
18081	5162	-798.873956	399.713180
18101	5352	-798.828794	399.700901
18121	5290	-798.833177	399.702114
18141	5268	-798.833140	399.702662
18161	5220	-798.899400	399.719289
18181	5420	-798.817447	399.697046
18201	5162	-798.909071	399.721224
18221	5406	-798.808847	399.697272
18241	5370	-798.903130	399.720739
18261	5352	-798.855265	399.708231
18281	5048	-798.916471	399.723538
18301	5252	-798.903885	399.720671
18321	5152	-798.917963	399.723814
18341	5250	-798.894062	399.719645
18361	5268	-798.876750	399.713305
18381	5378	-798.886459	399.714814
18401	5378	-798.881148	399.713929
18421	5370	-798.878237	399.713045
18441	5410	-798.882056	399.714549
18461	5486	-798.835383	399.701858
18481	5270	-798.866079	399.709648
18501	5316	-798.848927	399.705638
18521	5428	-798.844987	399.705415
18541	5274	-798.844723	399.706057
18561	5499	-798.859544	399.708529
18581	5324	-798.805662	399.694957
18601	5335	-798.919628	399.723993
18621	5244	-798.888137	399.716879
18641	5410	-798.862078	399.710209
18661	5633	-798.837790	399.703446
18681	5336	-798.897061	399.719180
18701	5340	-798.882627	399.715095
18721	5314	-798.881684	399.714866
18741	5552	-798.822902	399.698202
18761	5439	-798.855925	399.707905
18781	5530	-798.836697	399.702146
18801	5150	-798.897505	399.719483
18821	5624	-798.806865	399.696084
18841	5464	-798.853139	399.706916
18861	5318	-798.879593	399.715179
18881	5568	-798.840739	399.703935
18901	5402	-798.901857	399.720861
18921	5502	-798.877861	399.714074
18941	5340	-798.916847	399.724619
18961	5368	-798.884658	399.715521
18981	5318	-798.893630	399.718245
19001	5300	-798.914794	399.723593
19021	5542	-798.841491	399.705063
19041	5448	-798.911822	399.722073
19061	5332	-798.895546	399.719112
19081	5602	-798.825009	399.698758
19101	5514	-798.861630	399.710277
19121	5656	-798.840646	399.704304
19141	5558	-798.887414	399.716525
19161	5406	-798.917802	399.723292
19181	5462	-798.872217	399.712111
19201	5720	-798.830269	399.701786
19221	5594	-798.853129	399.708756
19241	5368	-798.907957	399.721324
19261	5482	-798.886454	399.716733
19281	5678	-798.868316	399.710907
19301	5672	-798.816434	399.698358
19321	5624	-798.848300	399.707158
19341	5686	-798.840184	399.704772
19361	5478	-798.925469	399.727390
19381	5665	-798.839069	399.703214
19401	5866	-798.826040	399.700531
19421	5518	-798.844138	399.706400
19441	5454	-798.923306	399.725631
19461	5695	-798.885155	399.715945
19481	5711	-798.860223	399.708331
19501	5550	-798.892159	399.718066
19521	5574	-798.920957	399.725731
19541	5658	-798.865565	399.711683
19561	5644	-798.865089	399.709831
19581	5525	-798.891783	399.716868
19601	5668	-798.875772	399.712260
19621	5587	-798.861220	399.710208
19641	5622	-798.880912	399.714984
19661	5798	-798.850313	399.706627
19681	5614	-798.879122	399.714547
19701	5706	-798.845541	399.706106
19721	5788	-798.890726	399.718067
19741	5628	-798.856390	399.708931
19761	5534	-798.888720	399.716715
19781	5554	-798.910672	399.721854
19801	5842	-798.823494	399.699409
19821	5713	-798.863629	399.711215
19841	5844	-798.830301	399.701527
19861	5832	-798.831277	399.702029
19881	5602	-798.896233	399.718827
19901	5740	-798.837646	399.703331
19921	5758	-798.854475	399.708047
19941	5668	-798.867058	399.710847
19961	5660	-798.897851	399.718551
19981	5555	-798.881337	399.715430
20001	5754	-798.856057	399.708715
20021	5778	-798.822636	399.699216
20041	5917	-798.877501	399.713188
20061	5782	-798.836150	399.703205
20081	5793	-798.889896	399.717245
20101	5945	-798.853589	399.708074
20121	5956	-798.853337	399.707967
20141	5890	-798.897969	399.719776
20161	5722	-798.892515	399.716681
20181	5978	-798.826421	399.700411
20201	5962	-798.858076	399.707737
20221	5844	-798.875427	399.713169
20241	5974	-798.833259	399.702386
20261	6008	-798.804403	399.693599
20281	5856	-798.899857	399.719639
20301	5844	-798.871780	399.712724
20321	5900	-798.882732	399.715073
20341	5950	-798.859840	399.709061
20361	5646	-798.909287	399.722509
20381	5925	-798.877190	399.713360
20401	5954	-798.883192	399.715014
20421	5748	-798.912688	399.723814
20441	6010	-798.840566	399.704613
20461	5750	-798.890181	399.716925
20481	5979	-798.847127	399.704800
20501	5988	-798.844544	399.705185
20521	5808	-798.877443	399.712295
20541	6090	-798.865878	399.710628
20561	6062	-798.850445	399.707602
20581	5918	-798.911423	399.723046
20601	6030	-798.876559	399.713412
20621	5854	-798.883274	399.714757
20641	6084	-798.842110	399.703793
20661	5938	-798.893568	399.718697
20681	5791	-798.900053	399.720323
20701	5830	-798.869813	399.711222
20721	6124	-798.845229	399.705034
20741	5830	-798.906128	399.720843
20761	6170	-798.826839	399.701556
20781	6174	-798.833550	399.702420
20801	6034	-798.880054	399.714437
20821	5884	-798.866337	399.712310
20841	5908	-798.893719	399.717960
20861	5992	-798.866977	399.711519
20881	6046	-798.875341	399.713903
20901	6282	-798.838333	399.704129
20921	6381	-798.805602	399.695043
20941	5874	-798.897856	399.719020
20961	6218	-798.803301	399.693144
20981	6110	-798.860683	399.708022
21001	6084	-798.817961	399.698586
21021	6209	-798.813758	399.698016
21041	5998	-798.871537	399.713797
21061	6102	-798.859693	399.709036
21081	6140	-798.862483	399.709501
21101	6068	-798.866404	399.710440
21121	6156	-798.883954	399.714029
21141	6066	-798.881226	399.714394
21161	6458	-798.794575	399.692548
21181	6207	-798.858033	399.708701
21201	6146	-798.865525	399.711240
21221	6228	-798.881297	399.714151
21241	6232	-798.878207	399.714326
21261	5998	-798.910682	399.723437
21281	6128	-798.903059	399.721536
21301	6156	-798.857706	399.708370
21321	6237	-798.825571	399.700858
21341	6270	-798.851788	399.707418
21361	6088	-798.886943	399.716118
21381	6178	-798.845517	399.705533
21401	6164	-798.857063	399.708518
21421	6374	-798.835535	399.703002
21441	6338	-798.853971	399.708036
21461	6446	-798.833232	399.702623
21481	6189	-798.881616	399.715842
21501	6312	-798.886005	399.716478
21521	6204	-798.861577	399.709307
21541	6236	-798.863748	399.710134
21561	6122	-798.880386	399.714856
21581	6142	-798.870303	399.711969
21601	6552	-798.814314	399.697144
21621	6244	-798.875168	399.712872
21641	6276	-798.836653	399.703803
21661	6188	-798.864318	399.710355
21681	6258	-798.870901	399.711176
21701	6326	-798.863647	399.710705
21721	6658	-798.836518	399.702776
21741	6364	-798.868497	399.711513
21761	6468	-798.845641	399.705069
21781	6204	-798.880859	399.713695
21801	6207	-798.871061	399.711848
21821	6268	-798.850282	399.706338
21841	6134	-798.869099	399.712193
21861	6182	-798.853483	399.708248
21881	6350	-798.873726	399.711348
21901	6160	-798.896306	399.717547
21921	6446	-798.822864	399.698919
21941	6310	-798.834328	399.703842
21961	6298	-798.872911	399.712399
21981	6424	-798.848278	399.705746
22001	6232	-798.880960	399.714831
22021	6531	-798.788793	399.690477
22041	6262	-798.893517	399.717526
22061	6376	-798.859526	399.709351
22081	6322	-798.846791	399.706173
22101	6392	-798.869915	399.713316
22121	6354	-798.889924	399.716649
22141	6416	-798.864369	399.710492
22161	6416	-798.879473	399.713822
22181	6332	-798.861368	399.708670
22201	6608	-798.833746	399.701185
22221	6682	-798.808874	399.695783
22241	6266	-798.874871	399.713412
22261	6476	-798.849468	399.706662
22281	6412	-798.881379	399.715094
22301	6532	-798.829290	399.700641
22321	6455	-798.870122	399.710766
22341	6522	-798.910523	399.722036
22361	6510	-798.838513	399.703681
22381	6248	-798.932130	399.727984
22401	6409	-798.873800	399.713406
22421	6584	-798.836805	399.702868
22441	6524	-798.863152	399.709906
22461	6514	-798.863808	399.711322
22481	6790	-798.822116	399.698412
22501	6592	-798.859784	399.708457
22521	6538	-798.860441	399.709338
22541	6368	-798.894282	399.717226
22561	6524	-798.883028	399.715527
22581	6514	-798.874452	399.712679
22601	6440	-798.905712	399.722048
22621	6791	-798.817028	399.697626
22641	6806	-798.773552	399.686410
22661	6694	-798.845770	399.704073
22681	6512	-798.887351	399.716679
22701	6476	-798.849566	399.707326
22721	6468	-798.850755	399.705823
22741	6586	-798.876039	399.713645
22761	6650	-798.841703	399.704758
22781	6656	-798.865370	399.710460
22801	6586	-798.831104	399.701592
22821	6438	-798.877175	399.713334
22841	6670	-798.880259	399.714198
22861	6612	-798.846770	399.707012
22881	6619	-798.846379	399.704471
22901	6766	-798.843195	399.704816
22921	6465	-798.910693	399.723049
22941	6612	-798.903448	399.720326
22961	6628	-798.891337	399.716650
22981	6776	-798.850181	399.706627
23001	6862	-798.802661	399.695231
23021	6700	-798.832197	399.702793
23041	6750	-798.829217	399.700447
23061	6660	-798.823642	399.700360
23081	6752	-798.851350	399.708418
23101	6652	-798.875893	399.712740
23121	6788	-798.863890	399.710480
23141	6644	-798.882503	399.715310
23161	6752	-798.869652	399.712534
23181	6692	-798.879945	399.714939
23201	6648	-798.866083	399.711909
23221	6586	-798.917187	399.723440
23241	6912	-798.865281	399.711716
23261	6686	-798.839775	399.703796
23281	6594	-798.875134	399.713243
23301	6792	-798.868718	399.711000
23321	6610	-798.896274	399.719309
23341	6902	-798.864487	399.709267
23361	7008	-798.803647	399.694362
23381	6818	-798.861127	399.709593
23401	6646	-798.953378	399.732319
23421	6656	-798.891251	399.717689
23441	6762	-798.880082	399.714688
23461	6892	-798.869443	399.711180
23481	6782	-798.877050	399.713556
23501	6866	-798.817582	399.698311
23521	6858	-798.812465	399.698482
23541	6792	-798.899452	399.720743
23561	6944	-798.890200	399.717160
23581	6930	-798.849413	399.705526
23601	6784	-798.876319	399.713571
23621	6688	-798.884552	399.716100
23641	6724	-798.869760	399.711857
23661	6812	-798.894045	399.717679
23681	7062	-798.838563	399.703391
23701	6911	-798.819965	399.697566
23721	6752	-798.868345	399.711142
23741	6704	-798.860368	399.709869
23761	7036	-798.800556	399.694121
23781	6584	-798.953282	399.732980
23801	7022	-798.851813	399.706987
23821	7020	-798.867386	399.710508
23841	7099	-798.814144	399.697076
23861	6952	-798.810276	399.696660
23881	6974	-798.830032	399.701436
23901	7084	-798.836367	399.703360
23921	6776	-798.895197	399.718406
23941	6833	-798.880749	399.714715
23961	6880	-798.869830	399.713117
23981	7110	-798.824403	399.700430
24001	6866	-798.867881	399.710679
24021	7112	-798.851838	399.706507
24041	7104	-798.829333	399.700761
24061	7174	-798.795395	399.693363
24081	7073	-798.860014	399.708899
24101	6912	-798.865275	399.710966
24121	6885	-798.860578	399.709465
24141	7002	-798.871795	399.712605
24161	6972	-798.857001	399.708704
24181	7031	-798.857946	399.709855
24201	7164	-798.858725	399.709020
24221	7114	-798.857520	399.709508
24241	6990	-798.873149	399.713461
24261	7186	-798.835827	399.702238
24281	7030	-798.860508	399.710144
24301	6966	-798.835933	399.702399
24321	6976	-798.885572	399.716295
24341	7034	-798.862988	399.710858
24361	7264	-798.800706	399.694019
24381	7204	-798.845166	399.705837
24401	6944	-798.917749	399.724192
24421	7136	-798.796446	399.693133
24441	7248	-798.862076	399.710732
24461	7080	-798.872491	399.713340
24481	7053	-798.859687	399.709979
24501	6938	-798.871230	399.712420
24521	7156	-798.859427	399.708250
24541	7200	-798.850903	399.707265
24561	7142	-798.815358	399.696755
24581	7090	-798.895244	399.718807
24601	7044	-798.922645	399.726596
24621	7042	-798.870070	399.712522
24641	7095	-798.854105	399.708129
24661	7278	-798.843032	399.704310
24681	7396	-798.843807	399.705036
24701	7208	-798.861423	399.710376
24721	6934	-798.879657	399.715545
24741	7184	-798.855018	399.707287
24761	7317	-798.837204	399.702193
24781	7274	-798.858157	399.708406
24801	7186	-798.843272	399.705415
24821	7104	-798.881270	399.714838
24841	7104	-798.870577	399.712491
24861	6986	-798.890793	399.716826
24881	7184	-798.854869	399.708533
24901	7168	-798.834746	399.703064
24921	7236	-798.827976	399.701938
24941	7340	-798.818331	399.697446
24961	7306	-798.844437	399.705861
24981	7356	-798.845202	399.705696
