n 		 spin_accpt		Ecalc		 Mabs_calc
1		270		-184		12
21		2936		-413.142857		85.619048
41		5248		-444.682927		32.780488
61		8182		-427.672131		44.95082
81		10653		-434.91358		45.876543
101		12186		-462.970297		141.881188
121		16025		-429.68595		73.669421
141		17621		-452.624113		86.751773
161		16380		-513.614907		230.47205
181		21487		-465.767956		114.674033
201		21505		-494.78607		148.119403
221		22976		-506.40724		204.606335
241		28335		-466.556017		149.319502
261		27953		-497.318008		172.727969
281		34067		-459.032028		101.601423
301		34221		-481.23588		148.664452
321		36470		-480.922118		158.186916
341		34992		-510.721408		208.914956
361		41384		-475.301939		159.927978
381		44166		-477.03937		134.272966
401		42474		-498.064838		214.997506
421		48306		-477.28266		143.182898
441		49950		-480.61678		163.287982
461		51100		-487.357918		183.548807
481		49606		-507.268191		216.503119
501		49114		-521.205589		243.277445
521		63678		-457.412668		86.069098
541		53889		-517.03512		226.491682
561		68895		-456.905526		88.538324
581		63611		-489.790017		154.36833
601		64656		-495.740433		188.163062
621		67879		-489.339775		186.599034
641		74004		-473.535101		144.112324
661		71332		-494.299546		170.971256
681		71575		-500.986784		185.107195
701		72595		-504.211127		212.376605
721		75981		-500.893204		201.34258
741		84603		-479.330634		135.983806
761		77447		-511.311432		210.157687
781		84697		-494.222791		162.645327
801		86708		-492.659176		197.815231
821		89045		-495.157125		172.791717
841		93100		-487.548157		161.426873
861		87990		-512.055749		221.268293
881		102658		-473.148695		132.177072
901		105553		-470.836848		140.601554
921		99852		-493.185668		191.120521
941		110441		-470.45271		135.217853
961		102576		-497.248699		199.284079
981		103148		-502.88685		202.738022
1001		108006		-495.96004		192.297702
1021		110704		-493.37904		160.971596
1041		116340		-484.103746		163.460134
1061		114462		-493.425071		188.005655
1081		124585		-474.630897		126.153562
1101		118537		-495.505904		187.369664
1121		119687		-497.084746		200.583408
1141		127867		-483.127082		159.889571
1161		121771		-501.050818		203.670973
1181		131924		-483.864522		160.277731
1201		127501		-500.019983		186.749376
1221		136897		-483.88534		125.416871
1241		139928		-481.643836		149.490733
1261		137558		-492.399683		189.838224
1281		143286		-482.969555		153.100703
1301		141163		-493.07917		167.357417
1321		148245		-483.079485		164.566238
1341		153633		-476.87994		136.835198
1361		149141		-489.528288		159.265246
1381		153776		-484.877625		150.67777
1401		150242		-495.480371		187.460385
1421		140719		-519.251232		229.369458
1441		156751		-492.302568		170.602359
1461		159320		-491.463381		179.97399
1481		161749		-491.251857		168.361918
1501		168666		-482.766156		156.433045
1521		165152		-492.591716		170.323471
1541		153060		-516.1817		225.522388
1561		172146		-488.046124		172.804612
1581		173103		-490.390892		175.328273
1601		173570		-493.07183		182.38476
1621		168788		-504.636644		211.871684
1641		172140		-501.830591		200.767824
1661		184572		-485.56773		161.795304
1681		181653		-492.844735		183.185009
1701		186904		-488.707819		168.49853
1721		174908		-510.138292		221.724579
1741		190075		-490.224009		168.064331
1761		191919		-491.995457		172.211244
1781		183301		-507.849523		203.732734
1801		199894		-486.953914		152.689617
1821		200941		-488.267985		172.339374
1841		200147		-491.986964		173.935904
1861		191857		-506.383665		205.765717
1881		191849		-509.269537		207.312068
1901		200982		-499.267754		184.634403
1921		209245		-491.475273		189.815721
1941		219430		-480.476043		141.223081
1961		211582		-495.108618		172.609893
1981		210811		-499.448763		200.201918
2001		220148		-488.981509		177.368316
2021		230134		-478.844137		134.7333
2041		222430		-491.480647		172.031357
2061		212855		-508.244541		205.313925
2081		238804		-476.146084		143.099471
2101		226860		-494.65207		176.578772
2121		227090		-497.388025		179.746346
2141		223091		-504.31574		203.446053
2161		236306		-490.952337		173.58075
2181		246842		-481.005044		158.777625
2201		235742		-495.936393		188.537937
2221		238965		-495.339036		172.220621
2241		232836		-506.05801		197.545739
2261		243681		-493.896506		192.207873
2281		246752		-494.583078		170.892591
2301		238428		-505.519339		201.993047
2321		256073		-488.539423		159.864713
2341		252192		-495.272106		177.238787
2361		245032		-505.373994		200.192291
2381		264047		-487.070979		160.894582
2401		253302		-500.383174		189.926697
2421		246623		-510.418835		212.17183
2441		259510		-499.22163		197.751741
2461		265671		-493.342544		180.006501
2481		279095		-482.789198		150.616687
2501		269269		-494.496601		180.57577
2521		269249		-497.835779		193.843713
2541		262843		-506.894923		203.93231
2561		279653		-490.430301		181.873487
2581		269299		-503.829523		201.064704
2601		286415		-488.73664		178.774318
2621		278652		-498.028233		192.239603
2641		294383		-485.72359		160.816357
2661		306202		-475.724915		134.72003
2681		294759		-488.819097		169.500932
2701		298530		-487.560163		163.820807
2721		303172		-485.647924		164.500551
2741		296958		-493.03174		180.440715
2761		297199		-494.827961		178.947483
2781		295375		-497.797914		192.916217
2801		295072		-501.358086		197.439486
2821		299528		-499.129387		196.643034
2841		310768		-491.003168		173.721225
2861		305584		-498.072003		192.742398
2881		320077		-486.535231		167.807011
2901		320915		-487.666322		161.969666
2921		323989		-486.458062		162.495721
2941		315268		-497.317919		180.081605
2961		311035		-502.835529		197.101655
2981		333170		-483.848373		151.180812
3001		330024		-489.354215		164.953016
3021		316764		-502.340947		193.723932
3041		334226		-488.226241		176.249918
3061		316947		-505.365567		206.936949
3081		340790		-486.852321		161.923401
3101		339811		-489.849726		168.808126
3121		341158		-491.184877		183.607818
3141		337087		-494.958294		196.717606
3161		338429		-496.501107		194.41316
3181		351150		-487.611443		171.820182
3201		333148		-504.86473		197.673227
3221		338501		-502.34213		194.741385
3241		342635		-500.71336		190.625116
3261		360768		-487.620975		164.153941
3281		365193		-485.927461		165.264249
3301		363654		-487.823084		163.581339
3321		362619		-491.194219		180.777477
3341		358911		-496.689614		188.622568
3361		378694		-481.215115		148.992562
3381		363636		-494.432416		184.175688
3401		368727		-493.264334		186.031755
3421		379117		-486.674072		158.74715
3441		369739		-495.960477		185.607091
3461		366359		-499.839353		200.135799
3481		381694		-490.012065		160.332663
3501		371542		-499.976007		190.951157
3521		381100		-494.128941		171.276342
3541		380026		-495.683705		180.273369
3561		394922		-485.957877		160.343162
3581		377057		-501.024295		195.192404
3601		393791		-491.01694		169.577895
3621		400798		-487.315106		167.002486
3641		388506		-498.107113		189.384784
3661		404638		-486.849495		175.314395
3681		408993		-485.377886		162.568867
3701		387131		-503.409889		195.41097
3721		379872		-510.286482		213.482935
3741		406753		-491.882384		174.310078
3761		401195		-497.576177		189.745812
3781		404906		-496.725734		185.266332
3801		415163		-491.033938		172.575638
3821		415869		-491.67129		181.081392
3841		385924		-513.982817		218.278573
3861		420004		-491.067599		179.224035
3881		417797		-495.254831		183.503736
3901		410814		-501.225327		199.231479
3921		415224		-499.052283		191.152767
3941		440317		-484.715554		160.553667
3961		419179		-499.610199		191.667761
3981		423326		-499.521728		189.557398
4001		460795		-474.909273		137.32067
4021		443069		-488.552101		165.864213
4041		432929		-495.923781		179.838159
4061		413979		-509.724698		212.127062
4081		429575		-501.108552		201.075717
4101		442037		-495.062668		185.145574
4121		445416		-492.960932		171.636981
4141		451599		-491.352813		174.741367
4161		460254		-487.342466		166.702716
4181		467045		-484.208563		158.087539
4201		450479		-496.139015		181.636753
4221		448770		-499.262734		181.46316
4241		455677		-495.258665		179.207262
4261		470633		-486.856606		166.236095
4281		457933		-497.75473		180.414389
4301		482342		-482.999302		158.609161
4321		464766		-495.231659		188.005091
4341		484754		-485.203409		152.752361
4361		467573		-496.865856		186.208668
4381		491518		-481.886327		147.630221
4401		457978		-504.311747		203.042036
4421		496988		-482.525221		150.544221
4441		458430		-506.829993		203.020491
4461		470558		-500.556826		197.324367
4481		486474		-492.9605		183.883508
4501		483117		-496.004443		183.158854
4521		485665		-496.136253		183.581066
4541		494926		-491.64237		175.690377
4561		492234		-494.533655		176.209603
4581		510412		-484.54224		160.654879
4601		483000		-501.948272		195.081504
4621		495183		-495.921229		189.642069
4641		498756		-495.838828		181.157509
4661		502176		-493.906887		184.814418
4681		493998		-500.662252		192.564409
4701		511292		-491.609445		171.754946
4721		508872		-494.929888		183.712773
4741		502421		-498.895592		187.394221
4761		513805		-494.123924		179.671918
4781		497323		-504.64087		200.77306
4801		511593		-497.802958		183.213497
4821		535015		-486.439328		162.372122
4841		527828		-492.036356		169.067548
4861		532181		-489.614483		174.702736
4881		518410		-498.7437		191.547224
4901		522667		-498.491736		186.056723
4921		528825		-495.863442		189.639911
4941		536200		-491.966808		178.176078
4961		523261		-501.699657		199.115501
4981		506632		-510.768119		215.835374
5001		538731		-495.29774		186.612278
5021		558458		-484.85003		162.477992
5041		532184		-500.657806		194.870859
5061		554506		-489.915827		176.284529
5081		555581		-490.884472		168.90927
5101		561048		-488.954323		170.683003
5121		567095		-486.674478		166.704159
5141		540553		-501.437074		190.728263
5161		569869		-487.784538		171.145514
5181		578572		-483.834009		159.54642
5201		558029		-496.224572		184.022303
5221		550727		-501.304731		197.768244
5241		574931		-489.705781		170.23278
5261		578784		-488.771716		168.186276
5281		563354		-497.658019		185.569778
5301		555715		-502.574609		199.124316
5321		565197		-499.034016		192.291674
5341		586367		-489.653623		166.169631
5361		578116		-494.746503		186.010073
5381		577354		-495.718268		188.601375
5401		572181		-498.900944		192.732827
5421		587784		-492.931194		172.559306
5441		592883		-491.972799		173.604484
5461		572226		-503.154001		197.099066
5481		613240		-483.971538		156.49626
5501		614313		-483.926559		154.016361
5521		627250		-479.253034		149.650788
5541		609176		-489.627143		176.832341
5561		605061		-492.281964		178.899119
5581		611691		-489.703637		170.18563
5601		603152		-495.570791		187.058382
5621		611990		-492.116705		172.213485
5641		620654		-489.442297		170.156355
5661		593616		-502.549373		203.146441
5681		604000		-498.641788		196.309453
5701		602045		-501.610244		193.601824
5721		601015		-501.7025		202.125503
5741		629181		-489.839401		164.09406
5761		617334		-496.984551		179.562576
5781		624694		-493.755406		183.047224
5801		607716		-502.820203		198.664368
5821		603768		-505.544752		210.117162
5841		615921		-500.853279		196.846773
5861		638454		-491.532503		171.04419
5881		617145		-502.413875		199.764666
5901		641339		-492.035248		174.132181
5921		655113		-486.79142		165.638912
5941		641348		-495.418953		174.333614
5961		635339		-497.977521		195.75541
5981		631632		-500.267514		195.652901
6001		660473		-488.432595		170.053991
6021		647002		-494.871948		186.753031
6041		669894		-486.410197		164.32445
6061		659676		-492.229665		183.419898
6081		663567		-491.501398		172.282519
6101		685089		-482.733322		155.145058
6121		657660		-495.742526		187.219409
6141		678875		-487.753135		168.453021
6161		665666		-493.223827		184.68398
6181		664819		-495.722375		185.437955
6201		669710		-493.988066		181.818739
6221		676671		-491.969137		168.874136
6241		686325		-488.84025		164.8191
6261		667497		-497.638716		186.89794
6281		674634		-495.571406		186.76421
6301		678098		-494.916997		181.001428
6321		678508		-495.257712		186.592944
6341		686755		-492.3091		177.542974
6361		683014		-495.45606		184.45213
6381		698160		-490.239774		175.556496
6401		712981		-484.295579		160.803937
6421		683827		-498.745367		182.832269
6441		691018		-496.068312		181.777053
6461		711384		-488.02724		164.958985
6481		688568		-498.539114		193.555624
6501		694008		-496.745116		190.688202
6521		700856		-495.198896		184.053366
6541		703811		-495.157315		180.469041
6561		707078		-495.047096		184.956866
6581		716872		-491.459049		173.326242
6601		717762		-492.093319		176.163612
6621		707991		-496.871772		180.234708
6641		699578		-501.082367		196.324951
6661		740591		-484.934394		156.647651
6681		721324		-494.352342		179.654543
6701		732053		-490.641397		171.255932
6721		714993		-498.798393		190.759411
6741		714499		-498.926569		193.215843
6761		711162		-502.501997		194.1979
6781		728607		-495.358797		184.364253
6801		747287		-488.740479		171.716512
6821		733360		-495.594781		179.378977
6841		744417		-491.874872		175.76904
6861		740085		-494.652092		183.157266
6881		742398		-494.514751		179.523325
6901		757920		-489.536589		174.536154
6921		736711		-498.316428		187.101864
6941		749427		-494.230802		178.555251
6961		741017		-498.124982		189.408131
6981		755187		-493.184931		178.322876
7001		741261		-499.293244		187.899729
7021		770415		-489.260219		175.455633
7041		766118		-491.241017		176.76154
7061		766327		-492.654865		175.785016
7081		755855		-498.179353		181.737043
7101		767337		-494.224475		176.558231
7121		746544		-502.144643		202.223845
7141		782282		-489.491668		176.312001
7161		762889		-497.22441		190.5907
7181		803545		-483.507589		155.734577
7201		776024		-494.780725		181.885016
7221		761947		-500.563911		194.376956
7241		774942		-496.862864		188.32316
7261		790190		-492.275444		173.408621
7281		800933		-488.775168		171.1644
7301		777656		-498.147103		191.737296
7321		789428		-493.860402		182.210081
7341		777020		-499.845253		190.932843
7361		802108		-492.039125		182.030702
7381		809678		-489.415526		172.949465
7401		782062		-500.83232		192.783408
7421		850117		-476.385932		141.555046
7441		775382		-504.566053		200.975138
7461		805978		-493.690926		176.050663
7481		819915		-489.860179		170.798556
7501		805892		-495.689108		185.941075
7521		817602		-491.932988		175.122723
7541		825529		-490.22623		172.138974
7561		801812		-499.588943		192.816294
7581		814642		-495.858594		184.399156
7601		814614		-495.535324		187.982371
7621		835632		-489.830206		172.25246
7641		834184		-491.071849		178.509881
7661		820298		-496.347213		188.422138
7681		834799		-493.130582		174.834266
7701		837376		-491.924685		175.077263
7721		846345		-489.843285		174.270172
7741		831758		-495.156181		182.074409
7761		844588		-492.14895		174.283984
7781		845863		-491.964015		173.022234
7801		844093		-493.47417		175.730804
7821		848635		-492.97072		181.106508
7841		853911		-492.095906		177.135059
7861		847892		-494.28317		178.444982
7881		832785		-499.613247		197.013069
7901		835899		-499.842045		195.007467
7921		853201		-494.988007		181.376846
7941		849776		-496.279562		180.981488
7961		845002		-499.219696		192.045723
7981		860003		-494.878837		181.851898
8001		865581		-493.853268		179.03762
8021		875594		-491.000623		175.010847
8041		870094		-493.888322		182.741699
8061		874101		-492.490262		176.136211
8081		866279		-495.975746		181.1704
8101		864106		-497.985434		189.037156
8121		877848		-494.116981		183.55769
8141		878664		-494.385456		181.533964
8161		847587		-505.252788		207.620145
8181		890892		-491.31402		174.67889
8201		879002		-496.435069		184.577978
8221		913833		-485.672789		159.668167
8241		903682		-489.881325		174.716903
8261		871081		-501.032321		193.95279
8281		886568		-496.839995		190.364207
8301		886455		-497.150705		188.627394
8321		897423		-494.163202		179.27004
8341		900327		-494.123007		182.103585
8361		901415		-494.521708		182.085157
8381		889168		-499.011574		190.821143
8401		890475		-499.738126		189.89406
8421		910947		-493.58651		182.019238
8441		912557		-493.351499		179.022628
8461		911737		-494.872946		181.548044
8481		920459		-492.673505		173.550996
8501		887138		-502.92295		199.189507
8521		904919		-498.614247		191.036733
8541		930601		-491.81782		174.516567
8561		940456		-489.455905		169.193552
8581		925482		-494.842559		183.520569
8601		934855		-492.14789		176.659458
8621		944896		-489.238371		171.123768
8641		932363		-494.229835		181.748872
8661		900162		-505.024362		200.064427
8681		944277		-492.2138		179.91107
8701		930102		-497.018733		184.242271
8721		968683		-485.879142		159.845889
8741		948816		-493.289555		180.078938
8761		944347		-494.328045		179.220637
8781		933490		-498.753673		189.866986
8801		954099		-493.084877		175.084649
8821		958727		-491.87167		177.783698
8841		979287		-487.300984		161.756589
8861		945163		-497.52985		187.84223
8881		978522		-488.771535		168.896295
8901		971990		-491.074711		173.26615
8921		961421		-494.962448		186.205582
8941		979685		-490.647131		168.520076
8961		924534		-506.901908		208.573374
8981		994803		-486.919497		168.347623
9001		972307		-494.136207		181.507388
9021		990580		-489.069948		170.149207
9041		980226		-493.059617		176.491096
9061		961588		-499.01512		191.53206
9081		988467		-492.111882		181.564365
9101		989914		-491.991649		173.714537
9121		958148		-501.765596		199.295253
9141		975723		-497.640521		189.647741
9161		981814		-496.221373		188.387294
9181		980791		-497.479142		181.077443
9201		1001127		-491.731768		180.134768
9221		1007397		-491.005314		174.680837
9241		1009177		-490.893193		175.604372
9261		1014632		-489.589893		171.61516
9281		996231		-495.89527		191.03588
9301		1005323		-494.38297		180.565316
9321		1002389		-495.52194		182.445446
9341		1009421		-494.1214		180.63869
9361		1000993		-496.417477		188.464908
9381		984677		-502.411257		197.850336
9401		1017952		-493.376875		181.042442
9421		1007645		-497.215582		185.437852
9441		1009196		-497.312997		190.23811
9461		1000814		-499.81355		193.001797
9481		1037251		-490.381605		171.225398
9501		1034436		-491.70782		171.449111
9521		1009488		-499.397122		194.448692
9541		1029302		-494.917095		181.588303
9561		1025646		-496.476938		189.111599
9581		1050196		-489.867863		169.272519
9601		1021358		-498.116446		187.807728
9621		1012485		-501.347053		202.835672
9641		1014455		-501.005705		197.409397
9661		1034720		-496.673222		186.816065
9681		1059376		-490.24233		176.191716
9701		1044087		-494.250077		181.120091
9721		1049475		-494.647464		182.561053
9741		1070060		-488.599528		169.938199
9761		1030139		-500.812212		196.068026
9781		1066700		-491.374706		172.802781
9801		1071137		-490.960514		173.013774
9821		1091595		-485.543631		163.417371
9841		1069557		-492.319886		176.485317
9861		1068698		-493.322787		177.732684
9881		1069448		-493.835037		177.292379
9901		1088294		-488.953843		166.683365
9921		1028735		-505.920774		202.869469
9941		1070501		-495.29826		179.434061
9961		1058951		-499.041863		190.126293
9981		1069088		-496.59994		186.175734
10001		1092279		-490.945305		177.679832
10021		1074442		-495.906995		181.311047
10041		1103370		-489.124589		168.945922
10061		1070686		-498.256635		184.760561
10081		1067684		-500.270608		188.892769
10101		1086849		-495.214335		179.55252
10121		1101390		-491.741923		171.389981
10141		1094339		-494.05108		176.932058
10161		1095558		-493.860447		180.034052
10181		1080649		-498.929378		196.159906
10201		1075043		-500.925399		194.616998
10221		1115362		-491.171901		175.705704
10241		1115926		-491.683625		170.950298
10261		1103707		-495.015301		181.189748
10281		1111372		-493.574166		172.802257
10301		1097200		-497.654985		192.866324
10321		1130046		-489.753318		171.093499
10341		1132005		-490.357606		168.324727
10361		1072982		-506.131068		209.283467
10381		1124000		-492.944803		181.404682
10401		1104387		-499.047399		191.682723
10421		1124489		-494.136455		179.135975
10441		1120565		-495.755962		182.097883
10461		1126980		-495.156104		177.718765
10481		1153044		-488.769392		174.256082
10501		1139008		-492.972479		176.884868
10521		1120445		-497.873586		187.704781
10541		1165675		-487.464946		169.767574
10561		1128504		-497.209734		185.526749
10581		1149804		-492.088082		175.845761
10601		1151438		-492.612018		179.084992
10621		1154220		-492.343847		171.800772
10641		1124617		-500.357861		198.482285
10661		1138112		-497.304943		190.690554
10681		1164081		-490.744687		173.013576
10701		1144912		-496.763667		186.744043
10721		1156143		-494.327022		175.973696
10741		1131553		-500.760823		195.054464
10761		1160544		-494.390112		180.879844
10781		1160052		-495.246081		179.890919
10801		1169128		-494.000926		180.793075
10821		1162993		-495.94677		175.211718
10841		1158086		-497.348953		188.737386
10861		1186366		-490.912807		176.809502
10881		1158392		-498.017094		191.797077
10901		1181632		-493.169801		177.427759
10921		1175006		-495.083234		180.227818
10941		1135565		-505.620327		207.820126
10961		1177441		-496.091597		180.18283
10981		1174834		-496.197796		189.730079
11001		1201245		-490.137624		170.768112
11021		1179004		-496.565466		188.438799
11041		1185803		-495.206231		181.824654
11061		1191252		-494.709701		184.29039
11081		1201470		-493.124808		174.658424
11101		1200044		-494.432934		182.785335
11121		1187752		-497.59554		190.5388
11141		1210441		-492.643748		175.647787
11161		1207507		-493.31637		179.090583
11181		1212515		-492.946964		179.630445
11201		1231511		-489.58593		167.950897
11221		1190368		-499.080652		189.099367
11241		1198615		-497.789165		190.061738
11261		1187137		-501.094397		195.533789
11281		1207463		-496.593919		182.081908
11301		1226457		-492.777276		176.287585
11321		1215892		-495.956541		186.318523
11341		1225338		-494.008641		178.946477
11361		1235432		-492.503477		172.886542
11381		1229184		-494.100694		181.099552
11401		1243532		-491.348127		177.170248
11421		1247886		-490.801506		174.571228
11441		1253543		-489.769076		171.154619
11461		1234297		-495.608062		180.8282
11481		1246236		-492.705862		179.596028
11501		1251571		-491.627163		176.676637
11521		1237858		-495.754188		181.036195
11541		1211920		-501.99844		195.60662
11561		1268959		-489.571144		167.53222
11581		1236451		-496.995769		185.985148
11601		1242394		-496.302388		185.479872
11621		1266153		-491.280268		171.83547
11641		1253323		-494.88635		182.62864
11661		1269472		-491.508104		176.385559
11681		1238395		-499.302457		190.734697
11701		1249034		-497.683959		192.41552
11721		1244098		-499.291528		188.631857
11741		1254202		-497.229197		190.348011
11761		1251759		-498.0954		191.687952
11781		1273733		-493.457601		177.293439
11801		1255218		-498.400813		187.560037
11821		1286613		-492.024702		177.503426
11841		1252387		-500.243898		195.146018
11861		1275396		-495.585195		183.670011
11881		1306290		-488.466627		171.297366
11901		1277790		-496.264852		188.356609
11921		1266081		-499.297374		187.512121
11941		1315967		-487.935014		169.448957
11961		1295055		-493.429312		177.049745
11981		1286569		-495.695518		187.648777
12001		1322843		-488.016999		166.444796
12021		1302343		-492.80193		179.423176
12041		1291731		-495.393406		188.428204
12061		1290653		-496.278916		187.073377
12081		1317935		-491.229203		176.39351
12101		1274521		-501.110652		197.312949
12121		1312646		-493.568517		176.542694
12141		1307748		-494.855778		182.021745
12161		1289892		-499.344791		189.371598
12181		1275137		-502.896971		196.47336
12201		1317920		-494.250635		180.784034
12221		1306459		-497.177972		184.252843
12241		1310129		-497.256107		182.332979
12261		1314584		-495.910285		185.74684
12281		1324646		-494.40241		180.610211
12301		1334772		-492.25819		176.773108
12321		1327516		-494.893272		179.17669
12341		1336169		-493.335386		176.058342
12361		1319716		-496.756897		189.527708
12381		1345835		-491.970923		176.484129
12401		1360113		-489.466333		170.791065
12421		1350332		-491.885033		171.496337
12441		1354878		-491.552769		172.634354
12461		1325129		-499.171174		191.712383
12481		1390631		-485.430334		159.608685
12501		1364055		-491.172546		171.771538
12521		1347888		-494.955036		184.326651
12541		1352069		-494.918109		183.755522
12561		1389556		-487.206114		164.958045
12581		1376860		-490.682458		171.677927
12601		1381970		-489.89477		170.779779
12621		1354809		-496.026622		183.377862
12641		1351293		-497.228067		183.887351
12661		1369027		-493.905063		181.304794
12681		1346991		-498.878322		192.22585
12701		1355802		-497.318951		188.531769
12721		1373191		-493.621885		179.661347
12741		1364835		-496.502943		189.116553
12761		1350277		-499.686858		192.327717
12781		1369410		-496.594007		183.881856
12801		1371813		-496.087181		180.85384
12821		1394927		-491.644022		175.186491
12841		1392557		-492.998988		180.634842
12861		1390820		-494.087863		180.183812
12881		1402531		-492.21489		178.62961
12901		1380358		-496.859158		186.918378
12921		1362442		-501.032428		202.449656
12941		1405906		-492.335059		179.019087
12961		1397544		-494.681275		181.658823
12981		1385751		-497.502504		186.751252
13001		1429613		-488.954388		167.296977
13021		1431727		-488.913601		164.562783
13041		1417691		-492.471436		181.502339
13061		1405405		-494.78631		176.477299
13081		1416891		-493.273297		181.116887
13101		1411900		-494.461491		181.426609
13121		1421508		-493.127048		173.206158
13141		1384339		-501.112853		197.048931
13161		1449588		-487.901223		166.127498
13181		1430059		-492.697974		175.13785
13201		1404810		-498.424059		188.542989
13221		1420164		-495.414265		184.006051
13241		1430214		-493.869647		181.592478
13261		1428753		-494.956036		184.986049
13281		1439968		-492.924629		176.876289
13301		1413909		-498.649124		187.161567
13321		1423118		-497.023947		185.543127
13341		1460859		-490.314669		174.149614
13361		1390531		-505.159793		199.801961
13381		1497214		-483.701069		151.467753
13401		1436999		-496.471308		186.018208
13421		1468174		-490.550034		169.566798
13441		1454088		-493.338591		174.909903
13461		1461794		-492.136988		179.005423
13481		1425072		-500.04421		194.540464
13501		1442689		-496.979187		186.438634
13521		1467203		-492.727461		175.614821
13541		1470769		-492.534672		176.615169
13561		1451269		-496.444215		183.648993
13581		1458950		-495.491643		186.174214
13601		1489431		-489.837218		170.23013
13621		1451598		-497.984876		187.548932
13641		1481654		-492.241625		177.448134
13661		1466274		-495.528878		183.398873
13681		1501371		-489.549594		170.453768
13701		1483402		-493.374206		179.379899
13721		1464122		-497.524962		187.039283
13741		1478688		-495.319991		177.971472
13761		1482741		-494.785553		176.024853
13781		1480927		-495.550105		181.964154
13801		1491507		-494.346497		181.249475
13821		1475941		-497.217278		184.940887
13841		1465266		-499.988151		190.463406
13861		1459577		-500.861987		194.716687
13881		1519153		-490.147108		166.515813
13901		1520136		-490.141716		174.01338
13921		1517994		-491.342576		178.176137
13941		1474296		-500.073165		191.966717
13961		1518603		-492.177924		176.694506
13981		1535612		-489.153566		169.931908
14001		1531487		-489.82587		172.100421
14021		1503265		-496.495828		183.316739
14041		1509643		-495.006908		178.233174
14061		1534139		-491.434464		171.3147
14081		1490804		-499.436972		193.689653
14101		1520002		-494.59471		184.966031
14121		1550203		-489.48658		170.21684
14141		1549554		-489.750371		173.816279
14161		1519787		-496.296024		183.258527
14181		1551354		-490.131302		173.698893
14201		1537949		-493.344694		177.272446
14221		1564136		-488.885732		173.560368
14241		1567211		-488.839829		168.202795
14261		1530414		-495.946988		182.711311
14281		1538878		-494.824452		183.157342
14301		1562668		-490.83197		171.559891
14321		1542627		-494.824384		180.243139
14341		1545194		-494.921972		182.770239
14361		1564119		-491.335701		173.420235
14381		1559688		-492.702872		177.336486
14401		1568833		-491.640581		175.147837
14421		1536042		-498.077803		188.080577
14441		1565944		-493.076934		174.356762
14461		1546817		-496.976696		187.15649
14481		1520688		-502.51281		196.927698
14501		1552006		-496.706986		186.167575
14521		1550405		-497.170718		189.757042
14541		1565827		-495.031703		178.699539
14561		1581085		-492.220589		174.62427
14581		1563060		-496.038955		183.084425
14601		1588500		-491.74851		173.242929
14621		1605196		-489.149579		170.746187
14641		1596445		-491.386108		174.59791
14661		1556663		-498.982607		191.3186
14681		1548849		-501.01083		193.482052
14701		1584940		-494.370723		180.907557
14721		1590634		-494.130562		181.026017
14741		1611959		-490.527644		172.452072
14761		1580841		-496.826502		186.521103
14781		1607100		-491.484473		172.809012
14801		1626000		-489.262347		171.164111
14821		1617467		-490.895891		173.578976
14841		1596635		-495.478741		184.553736
14861		1592941		-496.327569		184.758495
14881		1617538		-491.839527		179.827834
14901		1604146		-494.769747		174.532447
14921		1637880		-489.412506		165.476577
14941		1621826		-492.645472		177.628539
14961		1586648		-499.616068		192.144242
14981		1612564		-495.451305		179.27922
15001		1616159		-494.888341		185.901607
15021		1609980		-496.415951		181.802809
15041		1606383		-496.962968		183.154445
15061		1612689		-496.550295		185.784211
15081		1618179		-495.902924		180.937471
15101		1645978		-491.315012		174.317462
15121		1644335		-491.942332		173.245553
15141		1676547		-486.682253		168.835084
15161		1616840		-497.771123		190.484533
15181		1600878		-501.105066		197.199526
15201		1595629		-502.641668		200.69377
15221		1660735		-490.792195		174.548321
15241		1661482		-491.289548		175.54255
15261		1661768		-491.997641		175.475133
15281		1651975		-493.885479		176.341601
15301		1643162		-496.105875		183.421606
15321		1681273		-489.7025		171.26493
15341		1686799		-489.137866		166.046933
15361		1665328		-493.370744		180.317167
15381		1651161		-495.884013		181.763604
15401		1665833		-493.992598		181.689241
15421		1646491		-497.459568		184.444589
15441		1687394		-490.582734		167.922932
15461		1644639		-498.445637		191.474808
15481		1629959		-501.576126		196.163685
15501		1664587		-495.707116		186.923037
15521		1664321		-495.929386		183.816249
15541		1675682		-494.435107		183.864745
15561		1659973		-497.452092		186.737228
15581		1695457		-491.610038		174.61652
15601		1693496		-492.727902		181.250176
15621		1712300		-489.727418		165.510787
15641		1706500		-491.089572		174.227735
15661		1671784		-497.209374		185.996297
15681		1707033		-491.174798		179.807665
15701		1676057		-497.368066		185.323992
15721		1676477		-497.823294		189.931684
15741		1694031		-495.100947		183.79277
15761		1727650		-489.318698		167.155003
15781		1684515		-497.813827		190.001901
15801		1700969		-495.277514		180.998165
15821		1711279		-493.185007		176.940143
15841		1669467		-501.317846		194.836816
15861		1707125		-494.818738		180.376017
15881		1684423		-499.122222		191.289339
15901		1725116		-492.854789		182.135589
15921		1714616		-495.092017		183.31537
15941		1722892		-494.239006		181.958346
15961		1715943		-495.509053		184.448719
15981		1726478		-494.141543		178.239034
16001		1718151		-495.52153		184.447847
16021		1714443		-496.245678		181.974783
16041		1722687		-495.694034		183.475594
16061		1765319		-488.496358		171.968495
16081		1720752		-496.866115		184.573472
16101		1734461		-494.730514		176.098131
16121		1754056		-492.080888		178.929719
16141		1732245		-496.039403		186.752122
16161		1740816		-494.655776		176.802549
16181		1730534		-496.847166		187.001051
16201		1775564		-490.154188		172.974878
16221		1756580		-493.306455		181.770051
16241		1733787		-497.643495		187.146727
16261		1752048		-494.983334		182.149068
16281		1769148		-492.422087		178.176156
16301		1761853		-493.905159		180.649531
16321		1731722		-498.949329		191.0704
16341		1759267		-494.652714		181.805765
16361		1742981		-498.145835		191.558829
16381		1767191		-494.200354		181.753495
16401		1786002		-491.786842		176.441315
16421		1780791		-492.918336		178.725169
16441		1758653		-497.030838		187.557934
16461		1728926		-502.151753		197.386307
16481		1723620		-502.731873		195.319944
16501		1774838		-495.262105		183.122114
16521		1771897		-495.994673		180.786635
16541		1761120		-498.041956		186.048727
16561		1779925		-495.405108		184.182115
16581		1803860		-491.987456		178.722876
16601		1794219		-494.10903		180.456719
16621		1800300		-493.735154		175.820709
16641		1778308		-496.966288		184.646476
16661		1799794		-494.093512		179.538803
16681		1822610		-490.801271		169.331815
16701		1835347		-489.040417		166.200826
16721		1826803		-490.737157		175.877041
16741		1782833		-498.024013		187.27352
16761		1789295		-497.467932		183.089792
16781		1821524		-492.548239		177.644598
16801		1787441		-498.50866		190.438545
16821		1816494		-493.838416		177.457345
16841		1818304		-494.218871		175.631732
16861		1828592		-492.616808		175.9554
16881		1802556		-497.418399		188.372727
16901		1807874		-497.09106		183.014733
16921		1796862		-498.6684		187.907807
16941		1821231		-495.33959		184.765362
16961		1837814		-493.338364		178.158245
16981		1846493		-492.159001		176.387845
17001		1829412		-494.96712		180.337039
17021		1854115		-491.221902		176.531461
17041		1845698		-493.298985		177.94566
17061		1832039		-495.720767		189.227947
17081		1846375		-493.805281		175.513495
17101		1837263		-495.512075		181.392901
17121		1856130		-492.806729		179.826295
17141		1848928		-494.202439		180.913482
17161		1813194		-500.426315		193.940563
17181		1851725		-494.650835		182.892963
17201		1860385		-493.679205		180.016046
17221		1837517		-497.530689		185.487835
17241		1822164		-500.423177		193.232179
17261		1882273		-491.233185		176.017844
17281		1798649		-503.857184		200.980846
17301		1866438		-494.444714		178.538004
17321		1837826		-499.135154		187.737198
17341		1868524		-494.414163		178.789343
17361		1845938		-498.578423		185.840217
17381		1865117		-495.786894		185.690582
17401		1879231		-494.363542		179.381185
17421		1853401		-498.370013		187.953275
17441		1856102		-498.470271		187.363569
17461		1884782		-494.150163		182.673157
17481		1872344		-496.413706		188.074366
17501		1936278		-486.904063		162.635049
17521		1909229		-491.65002		178.705211
17541		1905641		-492.475457		179.025141
17561		1867749		-498.434941		188.691646
17581		1922185		-490.318639		170.686309
17601		1922323		-490.980967		172.149651
17621		1877618		-498.026219		190.688724
17641		1924807		-490.881696		174.074486
17661		1912342		-493.791292		175.897967
17681		1910074		-493.98767		179.48702
17701		1895387		-496.403367		185.906898
17721		1917529		-493.615259		179.003104
17741		1900288		-496.394115		191.422242
17761		1899891		-497.041833		185.71612
17781		1925080		-493.562117		178.293234
17801		1911346		-495.455536		184.576597
17821		1911999		-495.542113		187.429886
17841		1928968		-494.118491		179.68365
17861		1913087		-496.354515		185.478977
17881		1942905		-492.615402		172.237347
17901		1924081		-495.235797		184.332495
17921		1940711		-493.481837		179.197255
17941		1947111		-492.706761		176.663174
17961		1956065		-491.728746		174.103335
17981		1945396		-493.595239		180.617541
18001		1942889		-494.21121		180.680073
18021		1935931		-495.634427		182.639809
18041		1951393		-493.894573		176.90117
18061		1972869		-491.175682		172.234096
18081		1959032		-493.105691		178.985012
18101		1959429		-493.632838		178.745484
18121		1970317		-492.432868		177.686331
18141		1970631		-492.477813		178.006064
18161		1986101		-490.465062		171.492759
18181		1963185		-494.360706		180.402398
18201		1959249		-495.19411		181.678369
18221		1993643		-490.546732		170.991713
18241		2021028		-486.448331		165.246533
18261		2016757		-487.631345		167.096216
18281		1982350		-492.74985		178.131284
18301		1986565		-492.539643		175.18081
18321		1967727		-495.666612		185.19655
18341		1963560		-496.875852		185.77275
18361		2008779		-490.737324		171.258101
18381		1987512		-493.545074		178.909961
18401		1971389		-496.186512		184.57236
18421		1972852		-496.47967		185.41545
18441		2019546		-490.431755		169.732878
18461		1993879		-494.343102		180.286875
18481		1956511		-499.875981		192.499648
18501		1937537		-502.639641		200.575428
18521		2017030		-491.836078		172.671346
18541		1998880		-494.866512		184.783021
18561		1994454		-495.430419		182.357632
18581		1996563		-495.27259		182.796943
18601		1991299		-496.295898		183.808397
18621		1973264		-499.53966		191.203373
18641		1992095		-497.22075		188.278097
18661		2046733		-489.666577		168.959005
18681		1985027		-498.675017		190.245597
18701		2034510		-492.185659		174.769905
18721		1996853		-497.35591		185.390845
18741		2043115		-491.336642		171.218505
18761		2012942		-495.789777		182.929162
18781		2041996		-492.526064		173.598317
18801		2035302		-493.512047		174.774427
18821		2026656		-495.110781		181.086765
18841		2007345		-497.692904		185.109071
18861		2026135		-495.620593		185.306718
18881		2037603		-494.629098		181.744929
18901		2065472		-490.382308		172.611819
18921		2032736		-495.152053		182.292479
18941		2056585		-492.713373		176.379494
18961		2038038		-495.224092		185.20943
18981		2082306		-489.549339		171.228492
19001		2064227		-492.376612		176.399032
19021		2068061		-492.276116		175.90663
19041		2056687		-494.006407		180.211438
19061		2069339		-492.810661		177.840827
19081		2074313		-492.253027		176.859179
19101		2071603		-492.651484		176.533166
19121		2067250		-494.300716		181.944773
19141		2036577		-498.509378		191.682044
19161		2077008		-492.883252		177.049841
19181		2050009		-497.027892		185.084824
19201		2096139		-491.129629		174.092183
19221		2077367		-493.826336		181.03928
19241		2072250		-494.901097		177.118653
19261		2060857		-496.665594		184.819064
19281		2071989		-495.740677		184.206006
19301		2082865		-494.480493		184.962334
19321		2036924		-501.072408		194.013457
19341		2093300		-493.24978		177.797115
19361		2114673		-491.062239		173.172047
19381		2073391		-496.700893		184.959909
19401		2066186		-498.085047		190.006495
19421		2037480		-502.419237		196.355903
19441		2097314		-494.222108		180.961782
19461		2079637		-496.565439		185.34916
19481		2148408		-487.91253		166.393101
19501		2112303		-493.072355		177.271012
19521		2089570		-496.448748		183.173198
19541		2139323		-490.178394		172.146973
19561		2131456		-491.349931		174.780942
19581		2088181		-497.656708		189.510546
19601		2127978		-492.444467		173.185654
19621		2162748		-488.4538		168.552571
19641		2119292		-494.452217		182.221679
19661		2130898		-492.986318		177.76695
19681		2106705		-496.321732		183.433057
19701		2164598		-488.834069		171.488046
19721		2122414		-495.261498		183.522235
19741		2157338		-490.503825		173.231549
19761		2149510		-492.158292		174.075401
19781		2153160		-491.794753		176.18725
19801		2122017		-496.307257		185.890107
19821		2148751		-492.753342		178.128046
19841		2163050		-491.374628		174.343833
19861		2156081		-492.590705		177.371633
19881		2144965		-494.217393		178.513857
19901		2179283		-490.187026		172.582081
19921		2189005		-489.181668		172.098087
19941		2151203		-494.590041		182.522541
19961		2124693		-498.436952		188.958469
19981		2139541		-496.764126		186.101597
20001		2170598		-492.441178		173.616819
20021		2134996		-498.006493		186.79986
20041		2120985		-499.79043		191.594731
20061		2160347		-494.935846		179.572404
20081		2191402		-490.98033		174.709028
20101		2164785		-495.021342		183.120143
20121		2207567		-489.816013		175.222305
20141		2181380		-493.35326		180.748026
20161		2193894		-491.728386		174.278657
20181		2147818		-498.279372		189.310044
20201		2183827		-493.563091		180.146131
20221		2213401		-490.504921		171.86608
20241		2144795		-499.666815		193.019218
20261		2169722		-496.459997		188.230788
20281		2189721		-494.057887		177.081998
20301		2188246		-494.08305		182.466282
20321		2208297		-492.501353		174.983711
20341		2149439		-500.342953		190.293988
20361		2222909		-491.057807		172.259614
20381		2185774		-496.248663		184.182425
20401		2211652		-492.9925		176.799373
20421		2187655		-496.323784		187.195338
20441		2184165		-496.912871		188.103615
20461		2203066		-494.854406		182.739847
20481		2215904		-493.543284		178.363849
20501		2246868		-490.129262		171.547729
20521		2196016		-496.713416		187.197505
20541		2195547		-496.941532		188.105642
20561		2201837		-496.63032		185.524245
20581		2224023		-493.883679		181.536466
20601		2212400		-495.565264		182.330858
20621		2243441		-491.943359		174.666117
20641		2233941		-493.26738		182.645802
20661		2187915		-500.01239		189.231596
20681		2227103		-494.9163		180.750931
20701		2235577		-493.907154		178.13381
20721		2217784		-497.099368		185.093673
20741		2248815		-492.93901		178.350706
20761		2240409		-494.054044		180.226579
20781		2240207		-494.783119		181.309465
20801		2250700		-493.340128		180.892842
20821		2250771		-493.513088		178.145718
20841		2225087		-497.471522		184.856389
20861		2223588		-497.701357		187.80605
20881		2225355		-497.957186		185.349456
20901		2222151		-498.44639		190.890197
20921		2299681		-488.9229		166.519574
20941		2245439		-496.105057		186.751158
20961		2228733		-498.643958		192.216688
20981		2243660		-496.781088		187.133216
21001		2254464		-495.987048		184.060949
21021		2285577		-492.207031		171.771657
21041		2246513		-497.589088		187.986978
21061		2286923		-492.667395		177.305921
21081		2247921		-497.904464		187.783027
21101		2268218		-495.362684		182.237998
21121		2283608		-494.207471		175.951517
21141		2320597		-489.360579		169.989877
21161		2337772		-487.348046		163.858986
21181		2271634		-496.020962		183.915301
21201		2278807		-495.793783		182.779209
21221		2305654		-492.166062		176.486028
21241		2320385		-490.818511		171.971188
21261		2302696		-493.405955		178.228211
21281		2303401		-493.108219		175.058409
21301		2307448		-493.16802		177.219473
21321		2322516		-492.057221		175.671404
21341		2272140		-497.879575		190.519751
21361		2274532		-497.687749		187.229437
21381		2323377		-492.587999		175.452037
21401		2317942		-493.142937		178.090743
21421		2298830		-495.764343		184.351151
21441		2334703		-491.990859		175.0687
21461		2290341		-497.644844		186.226457
21481		2352159		-489.995065		169.912946
21501		2320387		-494.62332		182.281289
21521		2318925		-494.69244		182.597649
21541		2315328		-495.493431		183.253609
21561		2307178		-496.733176		184.548676
21581		2357853		-490.464946		175.859506
21601		2337007		-493.70344		175.691218
21621		2346992		-493.020674		179.343879
21641		2329711		-495.160852		183.413613
21661		2317127		-497.115369		185.61313
21681		2336842		-494.466307		181.721231
21701		2317271		-497.43127		186.749551
21721		2312556		-498.110216		187.777819
21741		2348094		-494.272573		181.859528
21761		2351550		-493.668673		177.852213
21781		2341413		-495.108765		181.374868
21801		2325785		-497.555341		188.991055
21821		2360203		-493.552449		176.805463
21841		2352315		-494.864704		184.156586
21861		2282772		-503.905585		201.564064
21881		2379471		-492.457018		175.917554
21901		2332395		-498.24282		186.878681
21921		2378892		-492.5518		176.778705
21941		2379082		-493.085821		179.720523
21961		2374600		-493.652202		178.737489
21981		2365315		-494.951276		181.640781
22001		2399927		-491.213308		169.69965
22021		2343707		-498.325053		190.173925
22041		2374337		-494.982079		183.966971
22061		2361652		-496.641675		184.549748
22081		2358756		-497.370771		188.390381
22101		2428843		-489.265463		166.821411
22121		2381817		-494.562633		182.299715
22141		2368720		-496.38842		184.650829
22161		2413117		-492.001263		174.909165
22181		2400745		-493.569271		179.231414
22201		2386801		-495.339669		186.036395
22221		2406305		-493.518564		178.659016
22241		2412479		-492.593139		177.756486
22261		2409683		-493.502538		177.187278
22281		2420312		-492.631569		175.19097
22301		2430356		-491.302273		174.768575
22321		2382879		-497.637023		184.97424
22341		2407983		-494.761022		183.633141
22361		2433171		-491.573722		171.327848
22381		2434731		-492.114025		178.384344
22401		2431106		-492.689612		176.435606
22421		2437271		-492.209803		174.589447
22441		2433409		-493.091039		176.873936
22461		2414416		-495.292641		184.453586
22481		2420034		-495.025844		185.089987
22501		2370194		-501.128128		196.982001
22521		2410571		-496.635496		184.27894
22541		2433861		-494.14915		181.729382
22561		2454267		-491.744515		175.770932
22581		2435215		-494.513795		181.853239
22601		2379770		-501.491261		197.613645
22621		2419725		-496.805623		186.221564
22641		2400927		-499.260457		188.374542
22661		2452369		-493.268258		177.46163
22681		2442649		-494.97359		181.565275
22701		2487394		-490.113035		169.856394
22721		2432424		-496.118833		185.382598
22741		2440969		-496.121015		184.804186
22761		2404814		-500.22934		198.349018
22781		2461251		-493.819411		180.258988
22801		2465986		-494.012017		181.191264
22821		2486141		-491.670479		171.479252
22841		2481277		-492.522744		174.554879
22861		2472635		-493.793972		181.322339
22881		2471456		-493.588217		178.543071
22901		2522535		-488.578839		168.760141
22921		2491037		-492.227913		171.822434
22941		2495387		-491.944205		177.962513
22961		2449969		-497.524324		185.20169
22981		2436674		-499.059919		191.8477
23001		2492989		-493.005348		177.410026
23021		2464027		-496.207289		183.04383
23041		2457504		-497.433966		186.346513
23061		2475919		-495.730627		181.223798
23081		2493814		-493.730948		183.292578
23101		2508095		-492.673391		177.616813
23121		2492189		-494.679296		184.000692
23141		2514555		-492.266886		177.251199
23161		2555796		-487.689823		163.10522
23181		2499342		-494.508606		180.548898
23201		2499233		-494.887634		183.180639
23221		2535144		-491.017097		173.828259
23241		2518724		-493.504066		179.447786
23261		2535364		-491.559606		173.768454
23281		2538278		-491.611872		172.366995
23301		2481166		-498.161967		189.04871
23321		2507875		-495.221989		181.826079
23341		2518011		-494.720363		180.56827
23361		2510920		-495.310817		185.682719
23381		2538814		-492.567811		176.558573
23401		2530105		-493.61617		180.741165
23421		2493635		-498.088553		189.984715
23441		2516811		-495.646431		185.930122
23461		2484514		-499.374281		191.040024
23481		2517735		-496.133555		187.068864
23501		2537545		-494.555466		181.42479
23521		2520134		-495.846945		184.422941
23541		2553134		-492.717217		176.856378
23561		2583921		-489.372947		168.38708
23581		2531370		-495.965226		183.15415
23601		2599609		-488.587094		170.110165
23621		2591613		-489.645485		167.462936
23641		2570135		-491.995432		174.620617
23661		2566992		-492.706479		177.759435
23681		2575583		-491.76555		175.118956
23701		2520995		-498.422514		189.179866
23721		2577420		-492.197294		174.791366
23741		2543235		-496.266543		184.098058
23761		2530670		-497.428728		188.81436
23781		2552952		-496.084605		187.010723
23801		2550882		-496.407546		184.851393
23821		2548936		-496.710298		188.26506
23841		2577938		-493.577618		179.878193
23861		2580467		-493.847198		178.137128
23881		2553616		-496.845358		184.410619
23901		2559860		-496.278649		184.626836
23921		2612146		-490.889177		171.920739
23941		2569924		-495.951548		185.297272
23961		2565599		-496.808981		184.634281
23981		2609528		-492.121596		175.766565
24001		2600150		-493.081455		178.680805
24021		2584770		-494.752925		185.280796
24041		2612731		-492.354727		174.870679
24061		2570999		-497.11101		189.191555
24081		2614576		-492.534862		177.579752
24101		2562766		-498.427949		189.753039
24121		2586650		-496.299822		184.805439
24141		2611793		-493.475664		180.237024
24161		2616209		-493.249286		179.257647
24181		2584372		-496.954799		185.969811
24201		2588251		-496.974009		186.791207
24221		2575647		-498.334173		190.486355
24241		2601952		-496.116332		185.537808
24261		2620919		-494.071638		181.643955
24281		2636431		-492.934393		177.458507
24301		2581729		-499.030328		190.61265
24321		2654280		-491.216644		171.349533
24341		2610852		-496.038947		185.329526
24361		2576269		-500.121506		190.793317
24381		2605929		-497.222919		185.656044
24401		2654593		-492.066063		173.501578
24421		2664367		-491.509766		174.868433
24441		2625302		-495.502475		184.208338
24461		2669173		-490.970606		174.756224
24481		2621024		-496.60406		185.361137
24501		2649953		-493.767765		178.246439
24521		2661735		-492.391175		174.21606
24541		2654797		-493.518765		178.054847
24561		2663131		-492.753064		177.689345
24581		2634711		-496.197063		183.277735
24601		2655565		-494.302996		181.127109
24621		2666393		-492.833272		176.556436
24641		2676205		-492.04529		179.504728
24661		2675978		-492.977576		176.548234
24681		2619272		-498.913982		193.174183
24701		2633621		-498.048014		186.168495
24721		2662887		-494.834999		183.617329
24741		2676503		-493.357423		179.249343
24761		2667324		-495.218448		182.175599
24781		2684631		-493.256124		176.57649
24801		2683084		-493.59671		179.230354
24821		2674806		-494.769268		181.848112
24841		2677850		-494.556419		181.726098
24861		2697198		-492.981296		175.454728
24881		2691608		-493.689482		180.779872
24901		2711387		-491.569495		173.753665
24921		2689866		-494.375988		180.94314
24941		2688620		-494.592358		182.916723
24961		2698638		-493.79512		179.972036
24981		2686539		-495.177455		184.316561
