n 		 spin_accpt		Ecalc		 Mabs_calc
1		230		-304.000000		60.000000
11		1816		-352.000000		44.727273
21		2986		-412.761905		138.476190
31		3996		-443.483871		94.064516
41		5105		-453.463415		190.243902
51		6357		-447.764706		143.372549
61		8479		-417.639344		39.639344
71		9359		-434.140845		72.450704
81		10774		-429.728395		67.358025
91		9581		-504.000000		201.978022
101		10770		-500.039604		212.653465
111		13348		-465.837838		143.459459
121		14970		-453.917355		60.595041
131		14447		-484.885496		192.335878
141		17818		-442.950355		57.163121
151		18145		-461.827815		70.317881
161		17926		-487.180124		149.925466
171		20807		-456.350877		134.093567
181		20600		-475.160221		161.436464
191		23533		-455.225131		103.780105
201		23962		-464.895522		137.990050
211		25924		-455.734597		101.772512
221		25161		-478.877828		145.737557
231		28602		-455.203463		82.043290
241		30292		-452.199170		68.838174
251		27010		-498.549801		203.960159
261		31249		-464.888889		124.996169
271		29129		-496.265683		196.442804
281		29006		-506.405694		216.846975
291		34945		-463.436426		127.072165
301		38020		-445.980066		60.797342
311		37271		-462.585209		123.003215
321		38176		-465.582555		126.105919
331		38864		-468.096677		139.806647
341		40250		-467.730205		134.134897
351		41632		-465.413105		104.837607
361		43722		-460.177285		98.288089
371		39927		-496.679245		191.185984
381		43298		-481.312336		149.107612
391		45963		-466.884910		116.680307
401		40812		-512.359102		223.935162
411		48397		-469.693431		118.257908
421		45061		-497.900238		203.429929
431		44471		-507.508121		192.139211
441		49258		-485.351474		155.011338
451		54661		-459.246120		115.756098
461		50527		-491.522777		169.587852
471		58703		-450.861996		112.242038
481		48606		-510.569647		236.898129
491		54589		-485.995927		158.541752
501		55904		-484.654691		174.327345
511		56068		-489.581213		169.710372
521		57864		-483.984645		162.099808
531		64637		-458.320151		96.425612
541		56224		-507.548983		215.038817
551		53161		-523.833031		245.931034
561		63236		-481.946524		155.408200
571		65296		-479.131349		137.232925
581		63353		-492.598967		168.003442
591		64888		-487.756345		155.800338
601		67965		-480.951747		145.164725
611		65982		-492.981997		170.785597
621		67387		-494.067633		191.330113
631		67637		-498.383518		200.114105
641		65019		-511.494540		215.560062
651		75234		-473.112135		144.420891
661		67770		-508.223903		208.393343
671		74602		-487.672131		163.564829
681		67513		-517.374449		233.054332
691		77230		-484.885673		171.759768
701		70241		-515.463623		230.813124
711		77333		-493.282700		171.111111
721		81410		-480.926491		144.019417
731		75544		-505.679891		211.931601
741		80766		-493.964912		181.937922
751		81871		-491.323569		179.150466
761		85418		-482.181340		164.890933
771		84047		-492.316472		168.383917
781		76619		-519.912932		222.747759
791		82778		-505.532238		217.512010
801		81332		-512.029963		213.260924
811		92115		-479.339088		153.864365
821		88692		-494.903776		178.192448
831		92424		-486.594465		172.731649
841		84665		-512.485137		210.104637
851		86994		-510.566392		223.633373
861		93866		-491.089431		174.104530
871		106323		-456.822044		101.095293
881		97268		-488.177072		192.690125
891		90825		-510.069585		217.836139
901		100617		-485.651498		170.397336
911		102404		-482.533480		160.654226
921		102806		-484.690554		175.324647
931		95433		-510.633727		209.061224
941		97804		-503.923486		196.261424
951		101426		-497.875920		199.695058
961		101917		-500.108221		192.693028
971		100722		-505.326468		204.733265
981		101483		-506.466871		199.522936
991		101189		-510.631685		216.258325
1001		106295		-499.256743		199.476523
1011		111343		-487.885262		165.592483
1021		113261		-486.115573		163.663075
1031		116502		-480.702231		138.217265
1041		115778		-486.051873		157.073967
1051		125232		-464.422455		99.472883
1061		109629		-506.043355		195.894439
1071		115946		-494.013072		177.260504
1081		121185		-482.989824		146.166512
1091		115193		-500.663611		185.145738
1101		112835		-509.605813		202.221617
1111		125550		-480.849685		164.730873
1121		131867		-468.196253		135.487957
1131		113818		-513.389920		231.867374
1141		129160		-479.565294		163.128834
1151		128806		-483.329279		164.587315
1161		129233		-486.611542		166.726960
1171		117902		-514.189582		224.353544
1181		126222		-496.802710		194.604572
1191		136432		-478.307305		136.612930
1201		131729		-489.365529		183.125729
1211		125837		-504.422791		214.670520
1221		139044		-478.257166		152.263718
1231		141623		-474.372055		131.541836
1241		137705		-487.645447		162.601128
1251		125688		-514.602718		229.440448
1261		144186		-477.287867		133.784298
1271		134426		-500.487805		195.605035
1281		142395		-485.692428		161.228728
1291		132107		-509.670023		205.742835
1301		141033		-493.192929		179.548040
1311		133214		-512.183066		221.092296
1321		137811		-505.199092		202.092354
1331		143340		-494.437265		194.868520
1341		147963		-487.752424		167.792692
1351		142564		-500.769800		211.655070
1361		147775		-493.246143		181.808964
1371		144221		-502.083151		203.447119
1381		161705		-469.326575		121.727734
1391		149994		-494.096334		183.223580
1401		153569		-489.467523		178.085653
1411		160509		-479.030475		137.431609
1421		156237		-489.328642		175.973258
1431		149433		-503.784766		195.934312
1441		151988		-501.013185		196.641221
1451		148405		-509.681599		207.484493
1461		162553		-484.898015		154.157426
1471		153323		-504.609109		201.691366
1481		160701		-493.426063		183.358542
1491		163078		-489.437961		177.407109
1501		162327		-493.769487		178.155896
1511		165043		-491.105228		154.893448
1521		161713		-498.808679		194.970414
1531		170245		-485.685173		149.601568
1541		170193		-487.205711		170.284231
1551		154998		-514.615087		230.134107
1561		167404		-495.833440		186.237028
1571		177314		-481.965627		152.007638
1581		176759		-484.025300		157.683744
1591		183321		-476.075424		154.584538
1601		168415		-501.941287		197.232979
1611		171629		-497.013035		190.504035
1621		190275		-469.256015		119.474399
1631		186736		-476.127529		151.090129
1641		161147		-519.734308		224.754418
1651		173843		-502.306481		199.259843
1661		175307		-500.712824		197.957857
1671		169321		-512.933573		212.242968
1681		186796		-486.848305		156.754313
1691		176684		-503.034891		193.006505
1701		188770		-485.342740		161.323927
1711		186203		-491.742840		174.121566
1721		176966		-507.649041		204.248693
1731		187692		-494.005777		180.488735
1741		187320		-494.453762		183.201608
1751		193418		-487.579669		146.889777
1761		200385		-479.627484		152.316865
1771		184384		-505.461321		215.945793
1781		202067		-479.941606		156.737788
1791		189197		-500.209939		201.426019
1801		197331		-489.607996		166.746252
1811		189085		-503.196024		203.402540
1821		190382		-502.273476		186.389896
1831		202044		-487.388312		168.002185
1841		189012		-509.397067		202.500815
1851		194641		-502.461372		196.210697
1861		200975		-494.368619		176.279420
1871		210613		-482.088723		159.796900
1881		209781		-485.078150		169.893674
1891		207088		-490.762559		173.481756
1901		195530		-508.212520		212.042083
1911		201300		-500.994244		194.825746
1921		201870		-502.921395		202.380010
1931		197249		-509.518384		210.665976
1941		214984		-488.063885		174.171046
1951		227209		-472.020502		139.535623
1961		219176		-483.755227		164.276390
1971		220017		-484.773212		156.472856
1981		219994		-486.194851		156.466431
1991		211940		-497.868408		190.385736
2001		213977		-495.672164		197.428286
2011		218042		-493.388364		172.131278
2021		223392		-487.889164		167.673429
2031		222717		-490.396849		179.843427
2041		222801		-491.596276		184.867222
2051		228470		-484.113116		175.372014
2061		225501		-490.385250		168.445415
2071		231715		-483.136649		163.373250
2081		224370		-494.842864		188.930322
2091		219139		-502.636059		194.684840
2101		223599		-498.090433		194.138981
2111		230644		-490.387494		176.348650
2121		241008		-479.219236		156.657237
2131		229519		-496.191459		185.694979
2141		223727		-504.345633		207.255488
2151		229923		-495.685728		192.343096
2161		232385		-495.063397		185.490051
2171		231216		-497.973284		187.343160
2181		230049		-501.133425		205.150848
2191		246852		-481.648562		151.103606
2201		236955		-494.500682		189.010450
2211		252071		-479.298055		150.034374
2221		241940		-491.945970		170.156686
2231		239071		-496.462573		177.899597
2241		234279		-503.719768		200.579206
2251		257814		-476.973789		130.228343
2261		238636		-501.151703		195.702786
2271		247295		-491.591369		173.379128
2281		244177		-497.515125		175.679088
2291		245401		-496.511567		190.862505
2301		259686		-480.215558		157.170795
2311		253922		-489.187365		170.525314
2321		250395		-494.762602		176.062904
2331		262817		-481.429429		159.799228
2341		230737		-519.704400		221.274669
2351		256109		-490.863462		171.179923
2361		270063		-477.155443		140.027954
2371		261843		-487.269507		155.291438
2381		265913		-484.475430		151.359933
2391		259883		-492.090339		170.025094
2401		256012		-497.102874		194.704706
2411		263024		-490.835338		173.963501
2421		271156		-483.800083		150.156960
2431		251651		-505.064582		211.952283
2441		263036		-494.789021		185.554281
2451		268254		-490.082415		168.453692
2461		248126		-512.513612		218.368956
2471		261309		-500.608660		195.901255
2481		274402		-487.701733		175.982265
2491		268260		-494.736251		174.658370
2501		261504		-502.712515		195.824070
2511		280402		-483.835922		157.718837
2521		270965		-494.948036		178.808409
2531		271430		-495.785065		179.074674
2541		272519		-495.518300		195.478945
2551		278494		-491.172089		170.625637
2561		286902		-484.774697		160.885592
2571		269115		-503.091404		195.288215
2581		278440		-494.506005		179.256102
2591		291156		-482.162871		146.535701
2601		278678		-495.780085		186.302191
2611		284182		-491.212562		177.472233
2621		276909		-500.973674		186.511255
2631		285990		-491.952870		183.585709
2641		305304		-473.407043		130.545248
2651		288074		-492.389287		179.211618
2661		287563		-493.366404		176.851560
2671		283289		-499.883190		188.387121
2681		293712		-490.139500		176.813129
2691		294778		-490.189521		168.500929
2701		293158		-492.681229		183.375787
2711		284792		-501.898930		202.438215
2721		277669		-509.869901		209.562661
2731		296794		-491.992677		178.659832
2741		308055		-482.480846		153.754834
2751		292650		-498.666667		193.145038
2761		289670		-501.492213		200.738863
2771		308338		-485.291952		172.077228
2781		304400		-490.376124		181.662711
2791		292112		-503.068434		195.532784
2801		306521		-491.086041		178.868261
2811		293275		-504.391320		207.356813
2821		304171		-493.914215		193.232896
2831		328617		-471.432003		129.458848
2841		305551		-496.047870		179.832453
2851		323185		-480.450368		157.608558
2861		310115		-492.508913		176.805313
2871		314764		-489.793103		170.470916
2881		310638		-494.368622		180.422076
2891		310511		-495.934971		186.108613
2901		318799		-489.478111		171.834540
2911		326237		-483.130196		142.195122
2921		327021		-484.005478		156.846970
2931		304883		-504.322074		204.471511
2941		323518		-488.084325		174.937096
2951		317042		-495.468655		189.844121
2961		307993		-504.391760		194.143870
2971		325864		-489.534837		178.314372
2981		330691		-486.000671		157.121771
2991		322309		-494.425945		181.708459
3001		324765		-494.151283		179.989337
3011		322533		-496.389239		178.409831
3021		341938		-480.578616		159.089043
3031		311490		-507.729462		208.973936
3041		314932		-505.439000		206.611641
3051		326074		-496.873156		181.183874
3061		328019		-496.056191		188.370467
3071		330203		-496.117226		177.974601
3081		339024		-488.689387		167.175592
3091		343849		-485.508897		162.680039
3101		333565		-495.195098		181.177040
3111		317662		-509.692060		204.951463
3121		351845		-481.165011		149.030439
3131		343662		-489.461514		174.488023
3141		348793		-486.315186		166.597899
3151		334131		-499.351317		193.584259
3161		340465		-495.011705		176.391016
3171		346501		-491.442447		167.258909
3181		353753		-486.335115		161.043697
3191		350636		-488.171733		158.171733
3201		352996		-488.243674		163.054670
3211		357204		-485.928371		164.559327
3221		337928		-503.516920		193.474076
3231		345739		-496.649954		188.490870
3241		350293		-493.919161		173.922863
3251		355671		-490.918487		170.042448
3261		351926		-494.098743		178.686293
3271		351531		-495.485173		175.081626
3281		363534		-486.558976		164.749771
3291		353268		-496.728046		195.390459
3301		357296		-493.771584		169.687973
3311		357833		-494.354576		183.028088
3321		358095		-495.042457		188.122855
3331		364347		-490.936055		170.795557
3341		370904		-486.360970		169.385813
3351		375604		-482.552074		159.259922
3361		349700		-504.573639		193.027670
3371		355219		-500.980125		194.118659
3381		363819		-495.453416		179.865129
3391		355467		-501.804777		210.011206
3401		373244		-489.265510		165.594237
3411		373991		-490.018176		172.391088
3421		371948		-492.311020		165.335867
3431		383013		-483.874089		163.537744
3441		372864		-493.547225		174.019762
3451		378975		-488.805564		172.850768
3461		381993		-486.957527		165.203120
3471		361380		-503.679631		193.531547
3481		380391		-490.098248		178.331514
3491		369506		-500.249785		184.467488
3501		374186		-496.906027		195.614396
3511		364842		-505.131302		201.340359
3521		375550		-497.288270		190.670264
3531		395819		-482.974795		153.017842
3541		367613		-505.236939		207.181022
3551		374372		-501.442974		197.439594
3561		403553		-479.122718		145.628756
3571		379591		-498.243629		192.271633
3581		390869		-491.385646		180.337894
3591		389671		-492.695071		170.236146
3601		390056		-493.506248		173.898362
3611		377709		-503.641097		200.686790
3621		396138		-489.799503		175.352665
3631		392359		-494.216469		177.799504
3641		403393		-488.062620		158.324087
3651		374354		-508.726376		213.183785
3661		384366		-501.775471		204.489484
3671		414968		-480.387905		151.486788
3681		390640		-500.632437		197.190981
3691		403375		-490.034137		176.451910
3701		383437		-505.638476		205.194272
3711		417454		-482.191323		153.905686
3721		389915		-502.719699		200.039774
3731		393324		-500.468507		199.459126
3741		402281		-495.624699		179.144079
3751		389062		-506.484671		213.627833
3761		413225		-489.786759		170.833289
3771		399910		-498.501193		184.661893
3781		394508		-503.935467		193.927532
3791		405901		-496.666843		183.824848
3801		408356		-495.408577		183.661668
3811		423072		-486.128575		166.977171
3821		414588		-493.214342		176.621827
3831		395680		-506.014096		208.668233
3841		418098		-492.058318		176.876855
3851		393767		-509.716957		214.383796
3861		428023		-486.211862		160.738669
3871		416125		-495.412038		183.244640
3881		420813		-493.372842		179.925277
3891		414689		-498.208173		192.647648
3901		422476		-494.329659		187.034094
3911		429669		-489.180261		174.010228
3921		421334		-494.463657		180.251977
3931		417790		-497.704401		185.296871
3941		430437		-490.268460		170.800304
3951		423947		-496.271324		193.214376
3961		419496		-500.494825		196.206009
3971		430356		-493.480735		181.330647
3981		415627		-503.575986		201.793017
3991		441892		-485.959409		169.371085
4001		429002		-496.379905		187.099225
4011		439340		-490.640738		175.806532
4021		425843		-499.459836		194.896792
4031		417531		-505.915158		209.352022
4041		464818		-475.109131		138.401881
4051		449343		-486.247346		165.907183
4061		425703		-502.321596		187.457277
4071		444658		-489.281258		176.888725
4081		437083		-496.394021		189.098750
4091		448109		-489.882180		170.760205
4101		442176		-494.271641		182.651061
4111		443008		-494.907322		190.248115
4121		449468		-491.690366		181.209415
4131		445179		-494.424595		181.740499
4141		475925		-475.708283		139.966675
4151		433054		-504.020236		198.649964
4161		449691		-493.770728		180.690699
4171		450643		-494.865500		185.286023
4181		432512		-506.439608		205.461851
4191		458882		-490.510141		170.435218
4201		444323		-499.537253		194.204237
4211		463457		-488.670625		171.463785
4221		456581		-493.495380		176.183369
4231		454054		-495.396833		188.198062
4241		435858		-507.498232		209.145956
4251		461313		-493.171489		179.383674
4261		450958		-500.459047		194.676367
4271		460284		-494.356357		179.236713
4281		476446		-484.976407		162.621817
4291		445117		-505.696574		202.115125
4301		461619		-495.851197		187.628458
4311		470619		-491.469265		175.365344
4321		472239		-490.883592		173.947234
4331		465946		-495.108751		183.642577
4341		464642		-496.222069		190.825155
4351		481360		-486.951965		158.922087
4361		483538		-486.587480		161.894978
4371		483302		-486.791123		161.606955
4381		474097		-493.523853		179.865328
4391		490041		-484.433614		151.830107
4401		477319		-492.700750		169.609180
4411		467234		-498.822036		191.078667
4421		476330		-495.708663		184.713866
4431		474365		-496.718574		188.477545
4441		484423		-491.047962		177.153794
4451		473093		-498.690631		187.910133
4461		492563		-487.146380		167.402824
4471		477625		-496.898233		191.583986
4481		492303		-488.891765		165.451908
4491		493294		-488.931641		166.912492
4501		494401		-488.897578		172.424350
4511		499608		-486.839282		166.833075
4521		484866		-496.071666		181.381553
4531		498599		-488.808652		163.054955
4541		508939		-483.585113		154.746972
4551		497315		-490.385410		171.461657
4561		503746		-488.149967		173.980706
4571		502104		-488.925837		166.058193
4581		507623		-487.401004		164.654442
4591		493683		-495.504247		189.760836
4601		499174		-492.338187		172.362530
4611		496871		-495.000651		184.789417
4621		509934		-487.420039		168.988963
4631		490274		-500.078601		190.979486
4641		527111		-479.041586		147.463047
4651		508214		-490.469146		176.632122
4661		485630		-503.886720		199.715512
4671		523765		-483.567544		150.426461
4681		495247		-499.768426		191.807306
4691		510724		-491.427841		175.408229
4701		516180		-489.730696		170.918103
4711		495923		-502.016557		190.582042
4721		524686		-484.725270		155.901292
4731		513179		-493.107588		182.746565
4741		512584		-493.956549		180.070027
4751		505800		-498.313618		187.811408
4761		513394		-494.726318		186.427641
4771		517359		-492.577657		176.277510
4781		535447		-483.477097		156.248065
4791		501922		-502.847005		193.380505
4801		521595		-491.550094		172.604874
4811		527581		-489.445022		168.586572
4821		530972		-487.937772		160.170504
4831		508510		-500.825502		193.840613
4841		525511		-493.052675		176.642842
4851		512754		-500.134405		197.212946
4861		523000		-495.083316		177.918947
4871		536407		-488.526381		171.617738
4881		513218		-501.884860		195.967630
4891		520224		-497.809037		191.655285
4901		524113		-497.678841		182.110590
4911		520439		-499.656282		189.411932
4921		527193		-496.787645		188.376753
4931		521364		-500.098155		193.802474
4941		523093		-499.331309		190.609998
4951		542895		-489.731367		170.574833
4961		530725		-496.462004		189.612175
4971		544385		-489.930396		177.968618
4981		539635		-493.114636		179.085726
4991		534887		-496.621118		186.767381
5001		561735		-482.945811		162.229954
5011		561307		-484.209140		150.686490
5021		542623		-494.315077		182.875921
5031		525720		-503.827470		196.988670
5041		525577		-504.395160		207.753224
5051		555536		-488.917838		174.477925
5061		544440		-495.389054		187.716262
5071		543793		-495.585092		179.248275
5081		561284		-487.780358		161.185200
5091		545333		-496.926341		179.103516
5101		530873		-505.211527		206.103901
5111		550955		-494.127959		181.178634
5121		550901		-495.479789		178.929506
5131		542626		-500.890275		195.316702
5141		554769		-494.744213		186.776503
5151		554684		-495.195496		183.523976
5161		568209		-488.451075		163.174966
5171		556024		-494.984336		186.850899
5181		561717		-493.308628		178.929164
5191		551419		-498.666924		194.845309
5201		565687		-491.987695		178.980965
5211		561140		-494.792554		176.958741
5221		556559		-498.201877		191.554491
5231		550827		-500.835022		194.912636
5241		572046		-491.635947		178.398779
5251		571624		-491.410398		176.895829
5261		574580		-490.639802		169.043148
5271		562180		-497.488902		181.177386
5281		561248		-499.013066		195.444045
5291		577513		-491.275751		173.259875
5301		586330		-487.290700		170.802867
5311		574488		-493.476935		180.859725
5321		583124		-489.945499		175.183236
5331		559316		-503.015569		202.368786
5341		587701		-489.326343		170.394308
5351		598484		-483.783966		160.777051
5361		590768		-488.529006		167.836225
5371		570931		-498.352635		189.678645
5381		574955		-496.235644		189.852815
5391		581136		-494.728251		185.067334
5401		585233		-493.437512		181.635623
5411		587807		-492.329699		168.475328
5421		579877		-496.595462		190.412101
5431		589762		-492.549438		179.976063
5441		580789		-497.354163		188.303988
5451		567114		-504.436617		210.376812
5461		569081		-503.987548		194.910456
5471		598826		-490.023762		171.422409
5481		589801		-495.982485		187.479657
5491		591432		-494.853396		181.612093
5501		595255		-494.578440		182.779858
5511		579691		-501.307204		200.835420
5521		583895		-500.396305		186.944394
5531		599354		-493.539685		178.139577
5541		585206		-500.987547		192.342177
5551		614936		-486.326067		165.845794
5561		607763		-489.771624		171.373494
5571		588255		-500.392030		196.089032
5581		622369		-484.810607		165.142089
5591		605423		-492.802719		183.852978
5601		611067		-490.851634		174.158543
5611		614843		-489.421493		173.390127
5621		608801		-492.764988		180.708059
5631		617777		-489.537205		171.591192
5641		617106		-489.885481		168.846658
5651		610963		-493.830472		177.747301
5661		601119		-498.410881		190.572337
5671		613297		-493.594075		176.652442
5681		591806		-503.463475		197.231121
5691		637207		-483.861536		152.992444
5701		627559		-488.637081		167.874759
5711		635344		-485.043600		157.423218
5721		623221		-491.800035		172.965216
5731		608452		-498.752748		191.594137
5741		610564		-498.841317		192.822156
5751		618688		-495.210572		190.018084
5761		607331		-501.541399		186.590175
5771		617947		-496.097037		191.067406
5781		598398		-506.227988		205.339907
5791		658430		-478.628907		149.240546
5801		609635		-502.072746		197.557662
5811		618948		-497.322320		192.894166
5821		635698		-491.009105		178.343240
5831		615005		-500.220888		188.976162
5841		628212		-495.155624		180.324944
5851		642273		-489.346095		168.917450
5861		640923		-490.860263		175.752943
5871		618424		-501.157554		194.638392
5881		637399		-492.964462		175.916681
5891		659875		-483.189272		158.105924
5901		650162		-488.667683		169.729537
5911		641956		-492.601590		176.242937
5921		629320		-498.865057		187.895626
5931		632191		-497.732591		183.762603
5941		628317		-499.940751		194.580037
5951		639364		-495.742564		187.892791
5961		618885		-505.654085		205.920148
5971		639334		-496.488360		182.588846
5981		650199		-492.219361		174.425013
5991		649307		-492.939409		182.380905
6001		647639		-494.236961		186.612565
6011		627616		-503.508235		200.148062
6021		667322		-486.476665		167.757848
6031		660291		-490.069309		177.140109
6041		661377		-489.892402		165.801357
6051		680664		-482.039332		151.666832
6061		659275		-492.001980		169.224550
6071		666397		-489.964092		174.830835
6081		660368		-493.473442		177.842789
6091		659327		-494.242653		177.595797
6101		668773		-489.511883		168.819538
6111		658323		-494.504991		182.767468
6121		643618		-501.804934		198.499592
6131		666152		-491.979775		179.140760
6141		652923		-498.737665		192.012702
6151		677268		-488.189238		171.327589
6161		666328		-493.607531		173.289726
6171		652081		-500.934695		198.323124
6181		679682		-489.643100		171.168419
6191		673058		-492.100791		176.272008
6201		665585		-495.564586		186.049347
6211		663297		-497.665432		190.873611
6221		676614		-492.213471		175.632535
6231		680777		-490.981865		175.941582
6241		666471		-497.954174		189.639481
6251		684005		-490.439290		172.075188
6261		670089		-496.479157		186.763456
6271		683164		-492.422261		174.226758
6281		677267		-494.320650		182.277663
6291		665513		-500.321729		184.708313
6301		675894		-495.880654		180.410728
6311		672637		-498.042149		185.725559
6321		668431		-500.453093		195.718399
6331		670425		-499.608909		192.197125
6341		674538		-498.472165		188.645955
6351		677968		-498.186742		190.176035
6361		696977		-490.173872		170.491747
6371		689058		-493.616701		184.500706
6381		695695		-491.470302		179.575615
6391		691682		-493.493976		171.093413
6401		696393		-492.057491		178.062178
6411		688824		-494.974263		182.264545
6421		681929		-499.086747		189.411307
6431		684069		-498.725548		187.268854
6441		693978		-494.738705		181.667132
6451		688256		-496.868082		192.116261
6461		706245		-489.895063		173.697880
6471		711121		-489.184979		170.436100
6481		700196		-494.051535		174.100910
6491		696926		-495.941457		189.508550
6501		688824		-499.246885		186.811875
6511		708583		-491.421287		170.726156
6521		696230		-497.870879		185.188161
6531		703498		-494.596233		184.311132
6541		707709		-493.430362		179.779850
6551		701645		-496.528774		186.456114
6561		701386		-497.020576		185.385764
6571		702052		-497.229645		189.919343
6581		730138		-486.364990		164.535481
6591		724611		-488.563799		165.678653
6601		722842		-490.091804		176.171792
6611		718320		-492.781727		173.497504
6621		699704		-500.303277		193.056940
6631		723841		-491.699593		171.227567
6641		724136		-491.421172		171.944285
6651		698141		-502.015937		197.004661
6661		751833		-481.044288		159.568533
6671		743898		-484.258432		159.727777
6681		732215		-489.258494		168.585242
6691		713741		-497.420415		191.665820
6701		737697		-488.114610		170.636024
6711		728148		-492.578155		180.238415
6721		721152		-496.493379		182.462431
6731		735071		-490.834051		168.298915
6741		746792		-486.842308		162.917075
6751		727063		-494.519330		181.991409
6761		753553		-484.590445		156.104127
6771		720474		-498.485896		187.845813
6781		727712		-496.117977		183.130217
6791		739450		-491.655426		178.388161
6801		759138		-484.208793		157.530951
6811		747947		-488.832771		163.428278
6821		748686		-489.768656		172.830670
6831		739306		-493.848631		181.724199
6841		733024		-496.094723		185.418798
6851		746233		-492.002919		175.478908
6861		755187		-489.080309		169.598892
6871		728938		-499.561636		191.303158
6881		757644		-489.369568		168.614155
6891		726003		-501.349006		198.354375
6901		749827		-492.589480		172.663382
6911		754979		-490.947186		176.296339
6921		760593		-488.568704		168.977893
6931		768839		-486.411773		159.657769
6941		741161		-497.458579		189.479326
6951		749489		-494.762768		179.032945
6961		761848		-490.553656		168.513145
6971		768352		-487.842203		168.674222
6981		756245		-492.960894		176.140954
6991		747934		-496.893148		187.675011
7001		754278		-494.714469		176.807028
7011		752497		-496.532877		187.700756
7021		757745		-494.485116		182.553198
7031		751387		-496.717394		190.952638
7041		749398		-497.696918		185.917909
7051		746376		-499.870089		187.832648
7061		776894		-488.603314		167.300666
7071		753255		-498.253147		191.047942
7081		777651		-489.010027		176.142070
7091		758133		-497.084191		186.633197
7101		771175		-492.508097		176.004788
7111		768092		-493.850654		183.042610
7121		777168		-490.893976		173.804803
7131		776274		-492.150890		175.587435
7141		768354		-495.131214		182.158521
7151		757613		-499.642008		195.073137
7161		759593		-499.143695		194.366988
7171		771882		-494.997629		182.163715
7181		776735		-494.076034		182.597410
7191		782407		-491.962731		175.581421
7201		777714		-494.666296		185.753923
7211		767706		-498.239357		183.126335
7221		758921		-501.759867		194.174768
7231		797808		-488.190292		167.570737
7241		795892		-488.925287		172.025963
7251		753264		-505.420494		205.902910
7261		798377		-489.017491		170.145159
7271		789062		-492.778985		176.463760
7281		795988		-490.292542		175.845351
7291		800417		-489.329310		171.546839
7301		785393		-495.478975		190.250925
7311		795701		-491.580905		177.501847
7321		795092		-492.871466		173.210490
7331		807732		-488.118401		168.572637
7341		790472		-494.841030		182.886800
7351		782584		-498.580873		188.689702
7361		825407		-483.167504		158.014129
7371		809375		-489.694750		175.012888
7381		791621		-495.878065		185.970465
7391		777153		-502.386145		198.567717
7401		815402		-488.204837		168.719903
7411		803950		-493.021724		175.767103
7421		814148		-489.517855		167.791133
7431		793600		-496.973220		193.807294
7441		804416		-494.219594		178.803655
7451		819409		-489.231513		174.319152
7461		812407		-491.889023		181.868650
7471		818421		-489.508767		177.034132
7481		808607		-493.820078		185.402754
7491		791999		-499.295688		194.525431
7501		805175		-496.017064		186.483935
7511		821971		-490.036480		173.481827
7521		815294		-493.092940		174.633958
7531		833609		-486.899482		165.126809
7541		809381		-495.240419		181.941918
7551		799201		-499.557145		193.071381
7561		808907		-496.640127		187.710620
7571		819202		-493.056135		181.745608
7581		800188		-499.925603		198.338214
7591		811381		-496.626004		186.293242
7601		829171		-490.642810		172.334430
7611		811230		-497.759033		190.088556
7621		808515		-499.171237		187.238683
7631		828943		-492.795178		175.947058
7641		821989		-494.939929		184.441042
7651		824489		-493.977781		181.930205
7661		825884		-494.628900		180.716878
7671		831248		-493.165428		177.001695
7681		827464		-494.809530		179.315714
7691		847044		-488.017683		172.395267
7701		836845		-492.754188		174.896247
7711		802138		-504.299831		198.664505
7721		814379		-500.871390		194.485947
7731		841417		-491.777519		172.131936
7741		837870		-493.323860		182.075959
7751		831887		-496.372597		189.933170
7761		862223		-486.007473		165.243139
7771		852275		-489.271394		164.642388
7781		833540		-496.378358		182.539005
7791		840254		-494.745219		185.931716
7801		833202		-497.521343		186.595565
7811		826048		-499.329151		194.201511
7821		850336		-491.869582		176.398670
7831		836507		-497.328055		185.122973
7841		830115		-500.101518		193.170514
7851		845651		-495.240861		184.879888
7861		821643		-503.418903		192.007124
7871		847654		-494.814382		176.750858
7881		838283		-498.320518		190.962568
7891		829196		-501.494361		191.660879
7901		840864		-497.807366		184.713834
7911		854683		-494.729870		177.728227
7921		852371		-495.597526		180.027269
7931		859901		-493.156979		174.046652
7941		868674		-490.059690		172.128699
7951		866226		-491.521570		173.845302
7961		859623		-493.738475		174.403216
7971		857991		-494.846318		184.320411
7981		837160		-502.825210		202.176670
7991		874346		-490.354148		174.250782
8001		876604		-489.620797		170.014998
8011		871156		-491.971040		177.734615
8021		832582		-504.590949		203.203591
8031		870142		-493.161001		175.376416
8041		894803		-484.971024		163.874394
8051		850051		-499.788846		197.787852
8061		859560		-497.639003		183.506017
8071		876444		-493.163672		174.873002
8081		863000		-497.196882		184.775399
8091		873311		-494.490669		182.776665
8101		879955		-492.301197		173.769411
8111		894026		-488.761435		168.491925
8121		898927		-487.122768		164.528506
8131		855985		-501.344484		198.019186
8141		849929		-503.493920		197.717971
8151		891581		-490.074347		176.826892
8161		872111		-496.785688		184.857983
8171		861448		-501.064252		201.896463
8181		873880		-496.718250		188.185552
8191		882489		-494.602857		182.307411
8201		893891		-491.187904		168.010487
8211		904023		-488.336134		164.603337
8221		880161		-496.645177		185.117626
8231		891313		-493.179930		177.791277
8241		890701		-493.494964		180.104599
8251		899405		-492.041692		174.142286
8261		882062		-497.244886		187.210265
8271		873598		-500.759763		195.222101
8281		865036		-503.831904		203.828282
8291		889339		-496.168375		188.221445
8301		907678		-490.184797		175.351403
8311		897937		-494.125857		179.512453
8321		888018		-497.368105		189.188078
8331		885964		-498.104909		189.072860
8341		914930		-489.898094		172.276705
8351		886692		-498.970183		190.483774
8361		901323		-494.629829		170.607583
8371		922916		-487.913033		165.504480
8381		897156		-496.334566		188.174204
8391		897340		-496.588249		188.194732
8401		893476		-498.203547		192.071420
8411		891394		-499.614790		190.692427
8421		920992		-490.612516		165.743973
8431		917799		-491.786502		174.320484
8441		920667		-490.984954		172.439284
8451		913046		-493.803337		183.321500
8461		924531		-490.892330		170.431391
8471		928608		-489.243773		173.543383
8481		936522		-487.803797		167.037378
8491		932433		-488.949711		164.985279
8501		936643		-488.558993		164.802023
8511		932953		-489.714957		170.825990
8521		934682		-489.466964		166.376482
8531		899384		-501.190951		192.335951
8541		929111		-492.214963		175.853881
8551		901976		-500.766226		190.118817
8561		926131		-493.979675		178.286649
8571		917615		-496.443356		182.739470
8581		949966		-486.833702		164.917609
8591		927407		-493.972762		182.693051
8601		928427		-494.872689		177.063365
8611		901109		-503.468587		196.712577
8621		920242		-497.159958		183.187565
8631		947576		-489.204032		168.553122
8641		902267		-504.085638		200.880222
8651		943831		-491.223674		175.004739
8661		941734		-491.972290		176.229766
8671		901097		-505.064698		204.280244
8681		950676		-489.723765		168.806359
8691		925800		-497.740191		188.113451
8701		958890		-487.538904		167.235030
8711		941736		-494.098037		176.257835
8721		959945		-488.621947		174.455223
8731		923664		-499.802543		190.874127
8741		947692		-492.859856		177.126187
8751		960053		-490.034053		173.648497
8761		945231		-494.712476		181.139368
8771		920394		-501.773116		198.926918
8781		950759		-492.896937		180.858217
8791		958675		-491.609601		173.355932
8801		925688		-502.197023		196.850585
8811		953178		-493.405516		178.485529
8821		984640		-484.359143		154.933681
8831		978750		-486.741252		164.945986
8841		951792		-495.285149		183.928741
8851		965369		-491.292283		178.430008
8861		964296		-492.023474		179.221081
8871		945647		-497.848721		188.369744
8881		952289		-495.772548		186.185339
8891		978795		-488.941626		169.526712
8901		954320		-496.728008		183.547916
8911		956078		-496.631579		181.452811
8921		957110		-495.691066		184.107835
8931		999542		-483.655582		159.857575
8941		966167		-493.874063		177.919472
8951		983453		-489.454139		170.470785
8961		957902		-497.227095		183.091396
8971		983177		-489.598484		174.587003
8981		942888		-502.326690		196.443603
8991		997346		-486.152375		160.752753
9001		948312		-501.169648		193.124097
9011		978978		-492.573965		176.982133
9021		964769		-496.841592		187.785390
9031		980046		-492.608570		175.490422
9041		957752		-499.842053		196.559009
9051		956547		-500.543586		193.185062
9061		980963		-493.186624		178.109259
9071		971509		-496.377026		186.212325
9081		1002035		-487.818522		162.886466
9091		975674		-495.680563		187.265207
9101		994907		-490.692012		169.145588
9111		967172		-498.545055		189.757656
9121		978448		-496.118847		183.333406
9131		1012846		-486.249042		157.173365
9141		950850		-504.791161		202.077453
9151		989238		-494.045678		179.949732
9161		995383		-491.994324		177.432813
9171		989949		-494.068259		187.996729
9181		1010757		-488.826054		163.457140
9191		996680		-492.961810		178.078555
9201		987366		-495.819150		189.588740
9211		1002120		-491.440235		172.312670
9221		1004830		-491.441275		180.014749
9231		974895		-500.417723		191.956018
9241		974228		-500.470512		191.015691
9251		1002297		-493.275538		180.304400
9261		1022046		-487.884678		166.934240
9271		1012186		-490.760004		175.243879
9281		995328		-496.199547		184.933089
9291		1006891		-492.893768		176.897643
9301		989825		-498.164068		190.960972
9311		988981		-498.761895		186.861991
9321		1000812		-495.563566		187.480742
9331		992315		-498.916301		187.831315
9341		1029350		-488.317739		163.965100
9351		1012780		-493.407336		176.641643
9361		1004169		-495.959406		187.012071
9371		1029572		-489.630562		168.338491
9381		1006753		-496.385460		188.068010
9391		1009474		-495.884996		188.029603
9401		1010454		-495.534943		178.643336
9411		1032753		-489.264903		170.735947
9421		1037241		-488.413544		170.991402
9431		1015939		-494.814548		179.506945
9441		1007003		-497.325707		190.008262
9451		1026184		-492.832504		179.492540
9461		1017304		-495.050418		186.667371
9471		1029555		-492.280857		178.706578
9481		1014465		-497.099462		187.293534
9491		997864		-501.900327		198.340955
9501		1028649		-493.007052		176.134302
9511		1019694		-495.958364		189.141205
9521		1043122		-489.943493		170.175192
9531		1024667		-495.437625		186.012800
9541		1021369		-496.693848		183.953883
9551		1042802		-491.193383		174.096534
9561		1016878		-498.337831		191.050518
9571		1027139		-496.207711		182.768990
9581		1028582		-495.504018		179.849285
9591		1020459		-498.185799		192.073402
9601		1034533		-495.046766		181.301531
9611		1025090		-497.772968		185.633961
9621		1054968		-489.144580		175.529986
9631		1053429		-490.170491		172.304434
9641		1033089		-496.769630		186.145006
9651		1040497		-494.543571		181.707388
9661		1032456		-497.681813		192.155056
9671		1056990		-490.543274		170.383828
9681		1030924		-498.180766		187.285198
9691		1063584		-489.383552		170.950985
9701		1014569		-503.166684		198.773941
9711		1032229		-498.475131		188.115745
9721		1030629		-499.718136		190.235161
9731		1083709		-485.016545		159.655739
9741		1043697		-496.514937		187.788317
9751		1037883		-498.723823		188.630499
9761		1053631		-494.161664		179.677902
9771		1045395		-496.066319		181.656739
9781		1044113		-497.304570		190.780697
9791		1052656		-495.752017		178.867531
9801		1051390		-496.205693		179.852668
9811		1073560		-490.373255		171.402100
9821		1063624		-493.357499		179.292129
9831		1052856		-496.550097		184.126539
9841		1065117		-493.394167		179.256376
9851		1083216		-488.741854		169.874531
9861		1027012		-504.458371		204.765440
9871		1049382		-498.205653		187.887955
9881		1078584		-490.713491		176.772594
9891		1070300		-493.585684		174.162370
9901		1087067		-488.869003		167.372185
9911		1064444		-495.317930		184.205428
9921		1048245		-500.249572		193.313779
9931		1075476		-493.435908		178.615447
9941		1054312		-499.334876		192.403380
9951		1087132		-490.302884		170.247211
9961		1088257		-490.521434		173.856239
9971		1077304		-493.781165		185.615485
9981		1067111		-496.418796		194.683699
9991		1097488		-489.163847		167.728155
10001		1075425		-495.352465		182.836716
10011		1075606		-495.369494		182.552193
10021		1091516		-491.522603		171.516416
10031		1082717		-494.453993		177.900508
10041		1034696		-507.288915		202.197988
10051		1079783		-495.301164		178.971844
10061		1088625		-493.801411		179.933804
10071		1086326		-494.918876		180.028398
10081		1094890		-492.241643		173.069537
10091		1115543		-487.101377		167.080170
10101		1073818		-498.879715		190.612415
10111		1106939		-490.124023		171.908614
10121		1116752		-487.654975		165.847051
10131		1115958		-488.556707		164.042049
10141		1103783		-491.722710		174.135687
10151		1116554		-488.979608		164.553640
10161		1099154		-494.019486		176.860348
10171		1102364		-493.722151		179.347557
10181		1094034		-495.388272		183.415382
10191		1095286		-495.325287		184.495732
10201		1091419		-497.228507		186.848152
10211		1103652		-493.508177		179.478406
10221		1098917		-495.449369		183.246258
10231		1100182		-496.046525		184.419314
10241		1110317		-493.167464		178.192364
10251		1114599		-492.375378		176.608721
10261		1088386		-499.411363		189.733944
10271		1098361		-496.939344		186.207575
10281		1137824		-487.147554		160.674643
10291		1100475		-496.967059		187.590322
10301		1091267		-499.936317		197.437142
10311		1097623		-498.360586		182.613132
10321		1138399		-488.510803		165.697316
10331		1097577		-498.571677		192.134934
10341		1115487		-495.090223		185.433517
10351		1109303		-496.494252		183.326055
10361		1100946		-498.919023		192.187627
10371		1119731		-493.913412		179.413943
10381		1113537		-495.775744		185.305462
10391		1141484		-489.422770		162.560870
10401		1122465		-494.825113		177.471205
10411		1101825		-500.096052		195.013543
10421		1120137		-495.214663		183.711736
10431		1143387		-489.968364		174.136133
10441		1120006		-495.520352		182.287329
10451		1146449		-489.606736		170.427519
10461		1108143		-499.676130		193.018832
10471		1161084		-486.219081		161.863623
10481		1133978		-493.539166		183.094743
10491		1115895		-498.397102		196.241922
10501		1122131		-497.117227		186.460718
10511		1159667		-488.281229		164.692227
10521		1131762		-495.366220		184.964547
10531		1120784		-498.397493		186.458076
10541		1150599		-491.083958		174.161465
10551		1129399		-496.522794		181.359492
10561		1144729		-493.465770		175.978032
10571		1148411		-492.540725		179.146155
10581		1133736		-496.286173		185.351668
10591		1125004		-498.680011		188.225663
10601		1158750		-491.019338		173.712103
10611		1103904		-504.601640		202.108755
10621		1137219		-496.472272		186.144243
10631		1136969		-496.813094		188.617816
10641		1130564		-498.823419		189.633305
10651		1168686		-489.288518		173.944418
10661		1160751		-491.736610		175.778257
10671		1120783		-502.537719		197.243932
10681		1168270		-490.333489		168.552757
10691		1167151		-491.259564		177.334393
10701		1148491		-495.461733		182.365573
10711		1150554		-495.141070		183.738773
10721		1148534		-496.614122		186.226471
10731		1155276		-494.969714		183.159258
10741		1169800		-491.587748		171.875244
10751		1160396		-494.181006		182.463957
10761		1182571		-489.316606		169.412508
10771		1165791		-493.179092		176.145576
10781		1147558		-498.268806		188.857620
10791		1171264		-491.744973		177.892503
10801		1164009		-494.382372		185.062309
10811		1155350		-497.015632		186.271945
10821		1168117		-494.553923		178.972738
10831		1167923		-494.620257		182.077555
10841		1165621		-495.421087		179.277188
10851		1153252		-498.573403		191.742512
10861		1152215		-499.134518		188.440291
10871		1168614		-495.185356		182.003863
10881		1167799		-496.036761		184.661704
10891		1180230		-493.018456		176.539528
10901		1191987		-490.501422		173.295844
10911		1157454		-499.057465		194.945285
10921		1161142		-498.620639		185.381925
10931		1178828		-494.481383		180.683926
10941		1177673		-494.966456		177.755964
10951		1178996		-495.246462		183.128299
10961		1187417		-492.657604		179.428702
10971		1144994		-503.303254		199.924346
10981		1153089		-501.787815		198.110372
10991		1187039		-494.813939		176.766081
11001		1202058		-490.874284		171.962185
11011		1156887		-501.632549		196.778858
11021		1179651		-496.707740		184.564922
11031		1164943		-500.139607		194.977609
11041		1188531		-494.821484		182.983425
11051		1180617		-497.330558		188.130486
11061		1194125		-494.235603		174.211554
11071		1179165		-497.648993		186.132779
11081		1204328		-492.714376		180.863460
11091		1188139		-496.842124		187.374087
11101		1206488		-492.507342		173.702549
11111		1189721		-496.371164		188.092881
11121		1208265		-492.557864		175.488715
11131		1193885		-495.863804		182.899650
11141		1221025		-489.746342		167.544565
11151		1195923		-496.033719		185.376020
11161		1198076		-496.209300		183.952155
11171		1182069		-499.677021		191.162474
11181		1223006		-490.191217		173.319739
11191		1210850		-493.714592		179.060138
11201		1187733		-499.084725		189.999286
11211		1219441		-491.774507		176.338596
11221		1222902		-492.122627		175.798948
11231		1221226		-492.359719		179.138990
11241		1220567		-492.851526		179.738635
11251		1197205		-497.991645		191.947205
11261		1178663		-503.288163		198.372258
11271		1200965		-498.144619		192.716884
11281		1197912		-498.587005		190.617676
11291		1240348		-489.364627		169.187317
11301		1215569		-495.237590		186.359968
11311		1227817		-492.577137		176.059942
11321		1214217		-496.469570		187.364367
11331		1212721		-496.644956		187.494308
11341		1205884		-498.588132		190.304911
11351		1233857		-492.374593		177.509294
11361		1240978		-491.350761		172.796937
11371		1232173		-493.157682		177.745493
11381		1225901		-494.837009		177.742378
11391		1244442		-490.897375		175.370380
11401		1228741		-493.988948		177.424436
11411		1238188		-492.933836		175.389536
11421		1212816		-498.534979		189.102706
11431		1222394		-496.946899		184.549733
11441		1237990		-493.300236		180.547155
11451		1237870		-493.863243		176.047681
11461		1245219		-492.800279		179.444202
11471		1276337		-485.389242		163.508500
11481		1210436		-500.796795		193.035798
11491		1255533		-490.917762		168.240536
11501		1232969		-496.301191		183.531345
11511		1225930		-498.238902		188.855356
11521		1240919		-494.928912		180.658797
11531		1273144		-487.593097		164.478016
11541		1247975		-493.377697		181.673858
11551		1232744		-497.325946		186.491905
11561		1249678		-494.222991		178.306548
11571		1252128		-493.615072		178.763115
11581		1246306		-495.307486		185.598653
11591		1230258		-499.004055		191.505823
11601		1240085		-497.116455		184.213775
11611		1219774		-501.896477		194.926707
11621		1244275		-496.787884		185.105929
11631		1239652		-497.860201		188.092167
11641		1264481		-492.292071		175.539902
11651		1246899		-497.134667		186.256802
11661		1256336		-494.992196		183.989023
11671		1257306		-494.862822		181.233485
11681		1247728		-497.414947		186.006506
11691		1239783		-499.206911		193.703704
11701		1279274		-490.896505		171.655243
11711		1265629		-494.303475		184.150286
11721		1253627		-497.099224		184.296050
11731		1222390		-504.124798		199.770352
11741		1265093		-494.870965		181.153053
11751		1269875		-493.738405		176.135988
11761		1264978		-495.351076		183.967350
11771		1270305		-494.164982		177.714723
11781		1269128		-494.739326		179.442153
11791		1271307		-494.540243		184.422356
11801		1297988		-489.077536		168.241674
11811		1283614		-492.329862		181.248497
11821		1304234		-488.025379		170.079181
11831		1262312		-497.351365		188.526921
11841		1268828		-496.146271		185.445317
11851		1276742		-494.720108		184.093157
11861		1275347		-495.512014		185.326026
11871		1311597		-487.700110		164.464493
11881		1268589		-497.023820		187.659120
11891		1264336		-499.031873		190.649062
11901		1283326		-494.195782		181.270818
11911		1305381		-489.365125		171.433633
11921		1294061		-492.581830		175.235802
11931		1269631		-498.152711		184.848211
11941		1294487		-492.933590		180.308182
11951		1280446		-496.667727		182.873902
11961		1295912		-493.099239		179.980938
11971		1302993		-492.428703		171.268232
11981		1225086		-509.608213		215.507220
11991		1320236		-488.741223		169.926278
12001		1302688		-492.958587		176.368303
12011		1318510		-489.730414		174.606444
12021		1313790		-490.472340		171.787538
12031		1287376		-496.973485		187.338875
12041		1301575		-493.635412		180.326883
12051		1273713		-499.828396		196.489918
12061		1324471		-489.071885		173.426747
12071		1311644		-492.843012		174.320437
12081		1323386		-490.173992		171.326049
12091		1314469		-492.290133		174.649243
12101		1301021		-495.620858		185.819354
12111		1326165		-489.880274		166.514904
12121		1321028		-491.505981		173.224651
12131		1318369		-492.285879		178.923090
12141		1315046		-493.376493		175.772012
12151		1338661		-488.217595		169.953913
12161		1310531		-494.854042		179.175726
12171		1314175		-494.009695		176.784652
12181		1275368		-503.042115		201.161481
12191		1315129		-494.335165		183.242228
12201		1301922		-497.546103		184.997295
12211		1332040		-491.937106		173.114077
12221		1303000		-497.967106		188.813518
12231		1301168		-497.987409		190.032867
12241		1276991		-504.448983		200.564823
12251		1314606		-496.106440		185.937148
12261		1322160		-494.578909		181.163364
12271		1325601		-494.051341		179.027626
12281		1286887		-503.149906		200.896344
12291		1292527		-501.818892		198.892523
12301		1320444		-495.591578		181.008536
12311		1339026		-492.297620		175.834132
12321		1347046		-490.540378		174.831426
12331		1344956		-491.694429		175.718758
12341		1308953		-499.361154		191.123572
12351		1359034		-488.384422		169.612987
12361		1332215		-494.884233		176.835531
12371		1339542		-493.282677		170.579096
12381		1333001		-495.105080		178.618367
12391		1340952		-493.756436		179.563554
12401		1344901		-492.778324		176.222079
12411		1329802		-496.473773		187.517525
12421		1356639		-490.571452		171.388294
12431		1345461		-493.769769		181.004585
12441		1348360		-492.781609		177.049273
12451		1335069		-496.475785		183.529194
12461		1364241		-490.037397		177.795843
12471		1360380		-491.702349		176.071205
12481		1358932		-491.771172		175.442993
12491		1346946		-494.267553		179.576815
12501		1359634		-492.431325		172.678026
12511		1343229		-495.825753		179.154824
12521		1340071		-496.578548		186.722945
12531		1377927		-488.941026		166.651504
12541		1351270		-495.078223		181.852324
12551		1353476		-494.189148		183.441001
12561		1370361		-491.205477		173.619139
12571		1396613		-486.075571		162.605998
12581		1362040		-493.356331		179.118512
12591		1345321		-496.741800		186.160432
12601		1342903		-497.479248		186.826442
12611		1334829		-499.874395		196.893823
12621		1339936		-499.470406		192.666508
12631		1359685		-494.816246		184.199667
12641		1353927		-496.555652		182.507555
12651		1337520		-499.890602		194.482492
12661		1344073		-499.340336		193.186952
12671		1380484		-491.875621		176.625365
12681		1341978		-499.781721		191.075940
12691		1380414		-491.989599		175.775274
12701		1380343		-492.690339		176.965593
12711		1376398		-493.588231		181.971363
12721		1354089		-498.627781		192.327176
12731		1344284		-500.790826		192.952478
12741		1374277		-493.787929		182.357586
12751		1395548		-489.926751		171.373382
12761		1381311		-493.812711		174.691482
12771		1372665		-495.403962		182.644429
12781		1352959		-499.736797		193.386902
12791		1396914		-490.550543		175.117504
12801		1413768		-487.083822		165.743145
12811		1393166		-492.472094		178.554680
12821		1367679		-497.102254		189.308478
12831		1404834		-490.172551		167.367158
12841		1409480		-489.610466		174.843392
12851		1376948		-496.469691		187.645942
12861		1423410		-486.794495		162.968820
12871		1393977		-493.279776		175.770492
12881		1399680		-492.601506		179.267759
12891		1367918		-499.146381		190.105655
12901		1396723		-493.371367		181.029533
12911		1395532		-493.836264		176.765239
12921		1403673		-491.969043		177.328380
12931		1403470		-492.684247		176.130694
12941		1414873		-490.147593		176.640909
12951		1397343		-494.144390		178.908656
12961		1385251		-496.938199		186.618625
12971		1437121		-487.128209		163.613137
12981		1390781		-496.624913		182.742624
12991		1377345		-499.719190		192.924178
13001		1418390		-491.165603		176.021998
13011		1409503		-492.787334		178.661594
13021		1427623		-489.821365		167.897857
13031		1416541		-492.449083		175.064385
13041		1377662		-500.465608		194.515605
13051		1429063		-490.473987		177.012183
13061		1410098		-493.929714		180.105199
13071		1387856		-499.017979		187.313595
13081		1429393		-491.084779		170.607905
13091		1408015		-495.430143		181.930334
13101		1443644		-488.449126		166.790169
13111		1387444		-499.545725		192.747464
13121		1431475		-491.243960		176.971572
13131		1430010		-491.760262		173.574290
13141		1451682		-487.453618		162.449433
13151		1412929		-495.489925		184.864725
13161		1437409		-490.814376		171.242915
13171		1425024		-493.467770		175.535950
13181		1399666		-498.566421		189.805174
13191		1437615		-491.722538		176.996740
13201		1419058		-495.391258		183.259147
13211		1422673		-494.948149		180.587843
13221		1449140		-489.685198		168.340216
13231		1427400		-494.586653		179.816794
13241		1444694		-491.342950		173.827808
13251		1409871		-498.513018		189.299525
13261		1439200		-492.471759		179.129176
13271		1430032		-495.226584		184.216864
13281		1412895		-498.386266		185.544311
13291		1473007		-486.547589		161.420510
13301		1441425		-493.328923		177.574468
13311		1436607		-494.064758		180.890992
13321		1427454		-496.378350		184.786427
13331		1418877		-498.397720		185.651639
13341		1439670		-494.276291		179.786972
13351		1436780		-494.766534		183.616358
13361		1445786		-493.634908		174.406107
13371		1441567		-494.364819		179.267519
13381		1446459		-493.565802		177.212465
13391		1438212		-495.470391		187.252334
13401		1446064		-494.326394		181.183941
13411		1469573		-489.984341		166.675416
13421		1453440		-493.515535		179.514492
13431		1451504		-493.815799		176.389844
13441		1426121		-498.788185		189.486497
13451		1469282		-491.108170		172.710728
13461		1431770		-499.089518		191.592155
13471		1480633		-488.662757		172.542647
13481		1490984		-487.408946		162.899488
13491		1446435		-496.215551		187.181973
13501		1471655		-491.486557		173.335901
13511		1472380		-491.564207		171.753830
13521		1471212		-491.970121		175.770431
13531		1439773		-498.441800		191.849974
13541		1479213		-490.321837		172.225094
13551		1444614		-497.574201		185.023836
13561		1478321		-491.492073		173.189588
13571		1426748		-501.500553		195.440130
13581		1457523		-496.048892		182.864738
13591		1466992		-494.229711		183.885807
13601		1456167		-496.601132		190.105728
13611		1480937		-492.155169		177.435163
13621		1462535		-495.849644		188.084135
13631		1489830		-490.304160		174.296237
13641		1479224		-493.174694		179.673338
13651		1451370		-498.648890		189.530877
13661		1444422		-500.284313		190.305395
13671		1486540		-491.842879		178.095823
13681		1489108		-491.971640		177.039690
13691		1502882		-489.236725		169.011906
13701		1474509		-495.191592		183.290709
13711		1477040		-494.764787		180.281818
13721		1492159		-492.278114		176.826762
13731		1480415		-494.541985		180.747943
13741		1495421		-491.310676		170.923950
13751		1499752		-490.936805		173.643953
13761		1483142		-494.868687		182.981615
13771		1499491		-491.967468		173.960787
13781		1473705		-497.018213		185.794064
13791		1517716		-488.833297		169.403379
13801		1479654		-495.705529		189.111659
13811		1490281		-493.970893		177.420317
13821		1447047		-503.070111		202.753925
13831		1464952		-499.588750		191.267443
13841		1507289		-491.926017		176.792862
13851		1508722		-492.079994		178.833730
13861		1488410		-495.896400		181.226896
13871		1498392		-494.145195		177.489294
13881		1482891		-497.386355		186.257186
13891		1479990		-497.633000		185.944568
13901		1502327		-494.046759		183.147112
13911		1464586		-501.273525		196.911796
13921		1491147		-496.239063		187.807485
13931		1508832		-493.097409		176.196540
13941		1492565		-496.454774		188.916147
13951		1514444		-492.701598		173.202494
13961		1476148		-500.279923		195.042475
13971		1482759		-499.238422		189.933863
13981		1504064		-495.697590		182.699235
13991		1526516		-491.235509		172.632121
14001		1517298		-493.124205		177.756303
14011		1523329		-491.983727		179.038898
14021		1510249		-494.875972		186.441195
14031		1530411		-491.027012		174.727104
14041		1477304		-501.226978		198.320490
14051		1480675		-500.679809		196.125827
14061		1494120		-498.728682		185.666596
14071		1550727		-487.889134		173.179873
14081		1507934		-496.388893		181.382998
14091		1500540		-498.082748		189.997303
14101		1537057		-490.943337		171.739167
14111		1530334		-493.072071		176.672383
14121		1505879		-497.630763		188.611005
14131		1503208		-498.228292		188.361050
14141		1515796		-496.232515		183.080970
14151		1528084		-494.187831		181.416861
14161		1545516		-491.008262		174.180778
14171		1573862		-486.052360		162.553525
14181		1523835		-495.599182		188.135533
14191		1496770		-501.003171		193.845536
14201		1555948		-489.834800		169.994226
14211		1565048		-488.318345		166.986278
14221		1526928		-496.120667		182.684481
14231		1514808		-498.704518		187.916099
14241		1528730		-496.392950		180.463731
14251		1569170		-488.346923		166.143288
14261		1543496		-492.958138		177.123063
14271		1558640		-490.919487		172.557494
14281		1525865		-497.233807		186.195645
14291		1549437		-492.611014		170.911483
14301		1513850		-499.595832		193.189707
14311		1542472		-494.549927		179.663056
14321		1529582		-497.388171		188.214091
14331		1542138		-495.030633		181.208988
14341		1527997		-498.009065		186.293006
14351		1592985		-486.219218		163.652010
14361		1564172		-491.885523		170.486874
14371		1531625		-497.937791		187.677128
14381		1578340		-489.262777		167.914749
14391		1508464		-502.070461		195.350427
14401		1572312		-491.102840		174.195125
14411		1572173		-491.236694		174.533065
14421		1527591		-499.829415		195.251508
14431		1494141		-506.123761		202.340933
14441		1555080		-495.029153		180.977356
14451		1557101		-494.472355		183.937167
14461		1565815		-493.197151		181.772906
14471		1588911		-489.644116		169.791583
14481		1572070		-492.262965		174.468890
14491		1543249		-497.751156		190.059209
14501		1514154		-503.874767		202.797876
14511		1581912		-491.206395		174.656468
14521		1613659		-485.636526		159.308588
14531		1555222		-496.876746		181.927878
14541		1570667		-493.840589		178.222268
14551		1562638		-495.411724		181.896365
14561		1586567		-491.294554		175.317080
14571		1583366		-492.472994		179.884977
14581		1577807		-493.668747		175.220081
14591		1567740		-495.390857		179.379892
14601		1559820		-497.435244		186.316006
14611		1571357		-495.080693		184.802957
14621		1583860		-493.372546		178.360988
14631		1608510		-488.925706		169.563119
14641		1568137		-496.352981		184.857455
14651		1600012		-490.859873		174.972493
14661		1575354		-495.450515		187.577519
14671		1568913		-496.635267		183.594983
14681		1574147		-496.020435		187.252639
14691		1557545		-499.420325		189.082295
14701		1586737		-494.101626		179.240732
14711		1586656		-494.532527		180.009245
14721		1567948		-497.833571		189.955302
14731		1602620		-491.701310		174.344987
14741		1565740		-499.047554		192.901567
14751		1564736		-499.563148		192.191987
14761		1561994		-499.848249		195.470768
14771		1584291		-495.586216		184.611468
14781		1592841		-494.721331		183.368108
14791		1604340		-492.703130		177.188290
14801		1577843		-497.661509		188.100534
14811		1594901		-494.716630		181.085545
14821		1591520		-495.676675		180.503070
14831		1606022		-493.720990		172.726316
14841		1582502		-497.966175		184.476113
14851		1545369		-504.492357		206.223015
14861		1593358		-496.246821		186.783393
14871		1596559		-495.893753		183.722413
14881		1608634		-493.781601		179.349506
14891		1569522		-500.878652		198.402659
14901		1626026		-490.837930		171.120059
14911		1629597		-490.319898		172.247602
14921		1607716		-494.962000		182.502781
14931		1642022		-488.725738		172.616034
14941		1589618		-498.140687		186.583361
14951		1597831		-496.557822		182.671661
14961		1616376		-494.204398		177.730098
14971		1665005		-485.256830		159.596687
14981		1627397		-491.984781		179.027568
14991		1605979		-496.650257		188.161964
15001		1640860		-490.375308		168.746084
15011		1611878		-495.598961		183.918327
15021		1611676		-495.880700		183.789228
15031		1607854		-496.716918		185.646198
15041		1605168		-497.904129		186.109966
15051		1595073		-499.979270		190.543884
15061		1625487		-494.277140		183.076157
15071		1644324		-491.287904		168.449074
15081		1621198		-495.411975		182.148664
15091		1603689		-498.457094		188.929163
15101		1638912		-492.673598		179.018078
15111		1640330		-492.943419		174.978625
15121		1620105		-496.138086		185.009854
15131		1616935		-497.149428		184.748926
15141		1593311		-501.708209		193.670828
15151		1630889		-494.768662		185.146855
15161		1625194		-495.930611		182.397203
15171		1645232		-493.203348		179.495880
15181		1619136		-497.388314		185.806600
15191		1629638		-495.928379		184.604832
15201		1659654		-490.869285		173.380041
15211		1630920		-496.001315		187.051476
15221		1658781		-491.587675		177.025688
15231		1617245		-498.801129		189.669621
15241		1615732		-499.523128		194.891018
15251		1645243		-494.317487		183.669005
15261		1664014		-491.156543		171.108840
15271		1666935		-491.099208		172.770087
15281		1665987		-491.429095		173.854329
15291		1604085		-502.064221		195.989013
15301		1637665		-496.553951		187.336253
15311		1608103		-502.067794		197.439227
15321		1677186		-490.494876		169.486326
15331		1675234		-491.131694		174.413411
15341		1689256		-488.535558		168.662408
15351		1685605		-489.464400		166.940004
15361		1643229		-496.717662		185.873836
15371		1646932		-496.856678		183.439854
15381		1674676		-491.692608		176.930109
15391		1637638		-498.333052		189.154831
15401		1658193		-494.962145		181.036686
15411		1682089		-490.942833		167.581727
15421		1659306		-495.057389		182.888140
15431		1658718		-495.493228		186.974921
15441		1652498		-497.023768		191.709863
15451		1696825		-489.103100		168.020193
15461		1667742		-494.301274		181.572343
15471		1621374		-502.633314		196.713852
15481		1668443		-494.474776		180.866740
15491		1687144		-491.370731		177.625976
15501		1649039		-498.808851		189.630604
15511		1690799		-491.459480		178.216234
15521		1692568		-491.097223		173.571419
15531		1687071		-492.855579		179.096002
15541		1689441		-491.922270		177.744675
15551		1703116		-490.330397		174.638801
15561		1670578		-495.654521		181.714543
15571		1665435		-496.949714		185.679404
15581		1702706		-491.159746		170.546563
15591		1703091		-490.902444		175.264319
15601		1664882		-497.258894		186.093712
15611		1646140		-500.224457		195.461790
15621		1708866		-490.399846		171.522822
15631		1674984		-496.641546		181.188152
15641		1696870		-493.059523		181.403491
15651		1692067		-494.011629		181.360169
15661		1702156		-492.376987		178.320414
15671		1689567		-494.767915		184.012890
15681		1665211		-498.973280		188.710031
15691		1726213		-488.607992		162.405328
15701		1688734		-495.246163		184.966308
15711		1690692		-495.411877		182.540640
15721		1728257		-488.990013		171.629667
15731		1689066		-495.744708		182.972856
15741		1691262		-495.649323		181.775872
15751		1683970		-496.831185		191.688401
15761		1706842		-493.332910		181.616268
15771		1719043		-491.363896		173.897533
15781		1695491		-495.295102		184.900323
15791		1694767		-495.459946		182.752074
15801		1656587		-502.652997		197.979748
15811		1682948		-498.185061		189.096072
15821		1711757		-493.373365		180.727261
15831		1706680		-494.449624		184.593645
15841		1675882		-499.913894		190.066157
15851		1672008		-500.622800		194.954892
15861		1734216		-490.526701		171.246075
15871		1718281		-493.437591		180.871149
15881		1710599		-494.752723		183.257352
15891		1707589		-495.234032		182.976905
15901		1747458		-489.357399		169.587573
15911		1709636		-495.596003		183.169882
15921		1732228		-491.999246		177.013127
15931		1718487		-494.599460		181.240726
15941		1714435		-495.110721		182.671727
15951		1695224		-498.576892		187.473889
15961		1718966		-494.919617		182.356494
15971		1747652		-490.340242		170.429153
15981		1725700		-494.276954		177.459108
15991		1739258		-492.187355		177.395910
16001		1738342		-492.303731		179.860259
16011		1751950		-490.588470		175.221535
16021		1740908		-492.237688		173.447226
16031		1723561		-495.295864		182.865323
16041		1696470		-500.310454		194.463188
16051		1706652		-498.699146		186.165099
16061		1742974		-492.833821		177.885063
16071		1711139		-497.929687		185.593180
16081		1748837		-491.980101		177.543436
16091		1705545		-499.378783		191.869989
16101		1708982		-498.955841		189.375567
16111		1754060		-491.716219		175.437031
16121		1757203		-491.629055		175.411947
16131		1759603		-490.986052		174.188705
16141		1728356		-496.219069		182.985936
16151		1724561		-497.259612		188.154542
16161		1747231		-493.719448		180.925685
16171		1770833		-489.756230		169.920846
16181		1759262		-492.304308		175.015759
16191		1745483		-495.016985		178.301526
16201		1763507		-492.063947		176.806247
16211		1736161		-496.324471		185.231263
16221		1762596		-492.433759		174.792060
16231		1759879		-492.825334		176.301152
16241		1752274		-494.510683		179.882273
16251		1735270		-496.942957		185.644699
16261		1770894		-491.432507		176.646332
16271		1778502		-490.537521		171.910024
16281		1751366		-494.960997		180.880413
16291		1771200		-492.236204		177.433307
16301		1793667		-489.043617		166.997362
16311		1765293		-493.249954		176.990988
16321		1735547		-498.567245		190.475951
16331		1743670		-497.325332		188.121732
16341		1803091		-488.120923		168.793097
16351		1750651		-496.813161		190.816342
16361		1754284		-496.049630		185.950248
16371		1764551		-494.766599		182.152831
16381		1723118		-501.637507		197.163421
16391		1764706		-494.998231		180.991764
16401		1734914		-500.116578		192.297909
16411		1788627		-491.313387		175.006154
16421		1782849		-492.482553		176.414713
16431		1787873		-491.907492		175.655286
16441		1793131		-491.056018		174.985706
16451		1820534		-486.886633		160.900979
16461		1778346		-493.888828		176.609683
16471		1797453		-490.753931		169.228948
16481		1774629		-494.861477		183.154663
16491		1793326		-492.159360		175.808865
16501		1779005		-494.431853		180.152233
16511		1794801		-492.067349		177.718491
16521		1751006		-499.398342		194.251074
16531		1765842		-497.365677		186.095215
16541		1769513		-496.459706		186.168067
16551		1794863		-493.013836		175.937647
16561		1788803		-494.094076		181.286396
16571		1803993		-491.950033		173.626214
16581		1773896		-496.640975		185.786864
16591		1775918		-496.400458		184.875414
16601		1793601		-494.356485		177.298717
16611		1793248		-494.012401		179.098790
16621		1790302		-494.571686		180.258348
16631		1808248		-492.113282		177.262462
16641		1810346		-492.186047		175.223484
16651		1764648		-499.522431		189.397634
16661		1812439		-492.247524		175.550327
16671		1754900		-501.499610		191.242517
16681		1790820		-495.688987		186.516995
16691		1775450		-498.600204		190.467078
16701		1794962		-495.545656		183.183761
16711		1806536		-493.553707		180.073125
16721		1822510		-491.129478		170.873991
16731		1777278		-498.647301		190.389457
16741		1846673		-487.878621		167.713996
16751		1798179		-495.868665		182.896902
16761		1816738		-493.067955		178.280294
16771		1845928		-488.611055		167.566514
16781		1801341		-495.623145		183.013289
16791		1822969		-492.632958		174.228337
16801		1799974		-496.356884		188.183799
16811		1819022		-493.282256		179.625126
16821		1764463		-502.123536		196.367992
16831		1829820		-491.980274		173.396708
16841		1860965		-487.841340		166.176118
16851		1797293		-497.752062		186.962317
16861		1823038		-493.790641		179.677125
16871		1812619		-495.546204		187.320491
16881		1814731		-495.536283		180.855873
16891		1825516		-493.891185		182.357232
16901		1843204		-491.442873		170.939589
16911		1863214		-488.372302		167.772811
16921		1838197		-492.242066		176.805981
16931		1834422		-493.034788		177.453547
16941		1848594		-490.821793		178.068473
