n 		 spin_accpt		Ecalc		 Mabs_calc
1		202		-316.000000		62.000000
11		907		-559.636364		129.272727
21		1161		-598.095238		21.523810
31		1541		-633.548387		153.548387
41		1576		-658.341463		156.926829
51		1003		-743.372549		351.843137
61		1547		-710.950820		287.704918
71		1571		-716.450704		288.901408
81		1268		-745.481481		344.567901
91		2495		-678.329670		79.912088
101		1058		-764.277228		368.198020
111		1057		-768.612613		367.927928
121		1966		-742.016529		313.603306
131		1611		-751.786260		339.389313
141		3625		-681.872340		75.773050
151		2212		-748.079470		317.589404
161		1831		-756.322981		341.925466
171		2072		-756.327485		323.298246
181		639		-788.994475		393.856354
191		2436		-749.068063		318.994764
201		2579		-753.233831		326.447761
211		1363		-777.725118		378.654028
221		1534		-775.095023		372.488688
231		4912		-690.354978		44.484848
241		2593		-757.377593		318.647303
251		1834		-774.422311		369.019920
261		1687		-776.291188		362.490421
271		1717		-776.885609		360.841328
281		6550		-686.633452		56.177936
291		3367		-755.367698		310.694158
301		6694		-689.634551		97.348837
311		7089		-688.861736		54.520900
321		2290		-773.482866		351.059190
331		2659		-769.498489		355.009063
341		1308		-785.302053		382.762463
351		2202		-777.971510		369.663818
361		2371		-774.681440		360.271468
371		2011		-778.328841		364.787062
381		2133		-777.448819		364.005249
391		705		-794.076726		396.419437
401		1759		-783.511222		374.837905
411		9102		-689.051095		48.593674
421		8756		-692.589074		33.282660
431		1550		-786.273782		378.088167
441		8450		-695.446712		177.414966
451		2481		-779.476718		363.028825
461		2084		-783.522777		375.856833
471		1171		-791.677282		392.467091
481		1205		-791.027027		391.471933
491		10680		-693.221996		77.014257
501		10020		-694.898204		49.381238
511		1312		-790.630137		390.908023
521		5206		-749.635317		264.775432
531		1510		-789.001883		388.937853
541		1869		-787.992606		384.303142
551		2199		-784.544465		373.818512
561		1598		-789.404635		386.381462
571		1967		-786.998249		381.733800
581		830		-795.352840		396.915663
591		11183		-695.634518		77.394247
601		12455		-692.698835		89.913478
611		2457		-786.075286		380.625205
621		5983		-750.531401		287.410628
631		11791		-697.407290		95.572108
641		2845		-783.201248		373.438378
651		11856		-697.382488		62.184332
661		1708		-790.323752		386.904690
671		2019		-788.518629		382.107303
681		1468		-792.023495		391.315712
691		4687		-767.548480		336.833575
701		1542		-792.205421		393.386591
711		1804		-790.773558		386.171589
721		10438		-722.441054		215.029126
731		2021		-789.510260		383.704514
741		14245		-696.026991		117.554656
751		1977		-790.737683		386.886818
761		2221		-788.982917		385.566360
771		1635		-792.311284		391.473411
781		14843		-699.841229		92.683739
791		2862		-786.219975		376.151707
801		1392		-793.792759		393.980025
811		6326		-760.685573		306.890259
821		1597		-793.349574		393.327649
831		1693		-792.240674		390.948255
841		1944		-791.376932		390.087990
851		1793		-792.883666		392.025852
861		1875		-791.879210		391.270616
871		1545		-794.167623		395.065442
881		2004		-791.604994		385.979569
891		1409		-794.635241		394.931538
901		17140		-696.319645		92.512764
911		11313		-733.953897		217.686059
921		2121		-791.200869		385.600434
931		1853		-792.201933		390.601504
941		2135		-791.477152		389.387885
951		10487		-739.873817		220.940063
961		1788		-793.248699		392.070760
971		15610		-711.192585		159.369722
981		9492		-751.188583		265.955148
991		1124		-795.947528		397.457114
1001		2186		-791.712288		388.117882
1011		1532		-794.551929		394.387735
1021		1711		-793.990206		394.135162
1031		2192		-792.407371		388.921435
1041		1582		-794.958694		395.241114
1051		12187		-738.230257		204.243578
1061		3143		-785.771913		376.731385
1071		1238		-795.880486		396.881419
1081		1467		-795.330250		395.702128
1091		21006		-696.480293		79.107241
1101		2814		-790.187103		386.664850
1111		1417		-795.593159		396.189019
1121		8227		-762.383586		311.657449
1131		8353		-763.147657		290.709107
1141		2852		-790.510079		387.200701
1151		5641		-782.286707		368.112945
1161		1535		-795.355728		394.647717
1171		2154		-793.263877		390.649018
1181		14804		-731.441152		197.519052
1191		2244		-793.289673		391.111671
1201		1244		-796.492923		397.562032
1211		2450		-792.498761		389.270025
1221		9052		-757.516790		285.408681
1231		1604		-795.259139		395.231519
1241		3118		-790.195004		386.077357
1251		2558		-792.450839		388.522782
1261		1322		-796.209358		397.186360
1271		2754		-792.022030		389.748230
1281		1489		-795.634660		397.175644
1291		2994		-791.138652		386.285050
1301		1606		-795.584935		396.052267
1311		1940		-794.083905		392.318841
1321		19775		-720.890235		162.846329
1331		1737		-795.188580		395.083396
1341		11547		-754.338553		276.281879
1351		2383		-793.465581		391.925981
1361		1299		-796.549596		397.507715
1371		1454		-796.277170		397.361050
1381		2802		-792.191166		386.208545
1391		1927		-794.843997		395.345794
1401		2451		-793.681656		391.868665
1411		1693		-795.577605		394.729979
1421		1786		-795.462350		395.235749
1431		3014		-791.603075		387.400419
1441		13312		-752.244275		260.478834
1451		1683		-795.925569		396.683666
1461		1542		-796.235455		396.985626
1471		1415		-796.475867		397.093134
1481		2159		-794.519919		393.665091
1491		14994		-746.159624		234.128773
1501		1813		-795.320453		394.595603
1511		4003		-786.906684		371.790867
1521		2066		-794.958580		394.545694
1531		1595		-796.104507		396.829523
1541		22251		-718.011681		157.663855
1551		2741		-793.508704		390.397163
1561		2321		-794.339526		392.936579
1571		1809		-795.918523		395.885423
1581		1114		-797.571157		398.812144
1591		2275		-794.597109		393.299811
1601		12459		-759.035603		286.704560
1611		2324		-794.500310		392.991930
1621		10091		-767.879087		308.903146
1631		3112		-792.836297		389.770693
1641		8419		-773.518586		330.776356
1651		2992		-793.206541		390.356148
1661		1340		-797.052378		397.995184
1671		1818		-796.100539		396.503890
1681		2209		-794.953004		393.288519
1691		12448		-761.856889		284.456535
1701		1388		-797.034685		397.561434
1711		2317		-794.966686		392.987726
1721		1273		-797.473562		398.364904
1731		27598		-714.033507		116.772964
1741		1807		-796.321654		396.103389
1751		2505		-794.752713		393.155911
1761		1833		-796.458830		396.925610
1771		1962		-796.180689		396.653868
1781		1115		-797.828186		399.108366
1791		1972		-795.982133		395.861530
1801		2772		-794.207662		390.967240
1811		1795		-796.320265		396.930977
1821		2533		-795.073037		395.006041
1831		1903		-796.220644		396.607318
1841		15745		-753.368821		247.202607
1851		2032		-795.889789		395.184225
1861		2104		-795.778614		395.164965
1871		1947		-796.147515		396.182790
1881		1874		-796.172249		396.393408
1891		2821		-794.223162		391.440508
1901		2870		-794.415571		392.595476
1911		4548		-788.546311		380.960754
1921		1813		-796.707965		396.275898
1931		1631		-797.099948		397.566028
1941		2740		-794.528594		392.568779
1951		2563		-795.286520		393.564326
1961		2641		-795.120857		393.516573
1971		10781		-772.438356		322.189751
1981		2518		-795.580010		394.554266
1991		9459		-775.339026		340.567554
2001		2924		-794.342829		391.636182
2011		2375		-795.753357		394.707111
2021		3560		-793.292429		389.744681
2031		2056		-796.273757		396.095519
2041		1788		-796.846644		397.586477
2051		1489		-797.396392		398.265236
2061		7340		-782.103833		362.291121
2071		13720		-763.244809		304.755191
2081		2170		-796.324844		396.362326
2091		1863		-796.730751		396.412243
2101		1455		-797.515469		398.605426
2111		1269		-797.711037		398.951208
2121		2053		-796.567657		397.002357
2131		2530		-795.776631		394.815580
2141		10118		-775.409622		331.852405
2151		14784		-763.060902		292.015807
2161		2697		-795.581675		394.697825
2171		1412		-797.637955		398.569323
2181		9754		-776.816139		344.228336
2191		13495		-765.573711		302.597901
2201		19592		-750.567924		243.220354
2211		12104		-771.270918		316.874717
2221		7350		-783.605583		363.693832
2231		2368		-796.147019		395.907665
2241		2741		-795.373494		393.872378
2251		24245		-740.314527		227.263438
2261		5283		-788.677576		374.293675
2271		2674		-795.749890		394.915015
2281		1735		-797.341517		398.439281
2291		1915		-797.009166		397.806198
2301		2455		-795.793133		396.118209
2311		2604		-795.745565		394.662916
2321		1880		-797.196036		397.688927
2331		2836		-795.426855		393.601030
2341		2583		-796.158906		395.905169
2351		1941		-797.061676		398.180349
2361		1932		-796.908090		396.994494
2371		2444		-795.892029		394.885702
2381		4495		-790.446031		381.608568
2391		9877		-777.659557		331.537432
2401		2215		-796.554769		396.892961
2411		3371		-794.735794		392.641228
2421		6374		-786.812061		369.339942
2431		2488		-795.934183		393.923488
2441		2382		-796.140926		395.248669
2451		2557		-795.773154		394.435741
2461		2213		-796.601382		396.929703
2471		45784		-698.212869		65.943343
2481		1735		-797.480048		398.220073
2491		2244		-796.515456		397.080690
2501		10730		-777.695322		350.743703
2511		44632		-699.322979		101.448029
2521		2091		-796.847283		396.998017
2531		2306		-796.564204		396.579218
2541		2585		-796.129083		395.538764
2551		2092		-796.895335		397.400235
2561		1702		-797.461929		398.395158
2571		2689		-796.085570		396.235706
2581		2499		-796.305308		395.769082
2591		2492		-796.356619		395.820919
2601		6665		-786.932718		372.503652
2611		2275		-796.767522		396.504021
2621		2723		-796.196871		395.481114
2631		2508		-796.194603		395.049791
2641		22775		-751.595608		276.860280
2651		3014		-795.624293		394.329687
2661		2546		-796.375799		396.125517
2671		2143		-796.997379		396.968925
2681		1827		-797.466617		398.499814
2691		1938		-797.186176		398.079524
2701		7645		-786.221399		371.426138
2711		4559		-792.513464		384.967909
2721		2285		-796.814406		397.320103
2731		2594		-796.651776		396.391798
2741		1782		-797.557096		398.052536
2751		3208		-795.629226		394.162850
2761		2556		-796.425933		395.626947
2771		3932		-794.628654		391.575604
2781		28308		-744.506293		231.388709
2791		2161		-797.054819		397.073450
2801		2211		-797.118172		397.430203
2811		3126		-795.793668		394.379224
2821		3401		-795.274016		393.006735
2831		24341		-752.432356		262.594843
2841		13748		-774.138684		331.904963
2851		23489		-752.033672		265.271834
2861		2698		-796.429221		396.591402
2871		4991		-791.856496		384.601184
2881		1687		-797.791045		398.831656
2891		2544		-796.819094		397.003113
2901		2235		-797.101689		397.582902
2911		2457		-796.691171		396.304363
2921		2430		-796.912016		396.573776
2931		2438		-797.090413		397.102695
2941		2245		-796.976539		396.883373
2951		2307		-797.177906		397.187394
2961		3175		-795.902736		395.519757
2971		2046		-797.476944		398.354763
2981		9324		-783.549145		364.575646
2991		2070		-797.233032		398.146439
3001		3012		-796.269244		395.067644
3011		9875		-783.185653		354.719362
3021		3649		-795.357829		392.898378
3031		31605		-740.302210		218.458595
3041		2255		-797.291680		398.099309
3051		2391		-797.227139		397.381186
3061		1693		-797.862137		398.676903
3071		2372		-796.978183		397.148160
3081		1965		-797.690360		398.545278
3091		1830		-797.877709		398.974442
3101		3225		-795.910996		395.410513
3111		9910		-783.727419		354.247509
3121		1792		-798.016021		398.936879
3131		3317		-795.817311		394.843820
3141		12083		-780.762814		348.418975
3151		2096		-797.350682		397.819740
3161		2970		-796.445429		395.279342
3171		2131		-797.549038		397.757805
3181		2435		-797.144294		396.684062
3191		2608		-796.923848		397.015356
3201		2228		-797.560762		398.386754
3211		2834		-796.716288		396.369978
3221		2206		-797.481527		397.767153
3231		2465		-797.228103		397.329619
3241		1957		-797.909287		398.428880
3251		2905		-796.060289		395.228545
3261		2377		-797.177553		397.629561
3271		1647		-798.303883		399.177622
3281		1575		-798.263944		399.236208
3291		3307		-796.064418		394.588271
3301		2040		-797.615268		398.413208
3311		11700		-786.938085		375.293265
3321		2332		-797.350196		397.967480
3331		7978		-788.432303		374.671270
3341		2357		-797.569590		398.219096
3351		1815		-798.053118		398.784244
3361		48436		-720.819994		153.436477
3371		15733		-774.733907		330.905369
3381		2584		-797.207927		397.138716
3391		20794		-765.916839		297.469183
3401		2812		-796.943252		397.257865
3411		2520		-797.255937		397.014952
3421		2652		-797.135341		397.086232
3431		2076		-797.808219		398.119499
3441		2527		-797.224063		397.428073
3451		13688		-778.680962		340.553463
3461		1883		-797.893094		399.013580
3471		2710		-797.155863		397.583405
3481		2359		-797.460500		397.987935
3491		6819		-790.663993		378.178172
3501		2185		-797.692088		398.787775
3511		2169		-797.630305		398.296212
3521		26837		-755.286566		251.132065
3531		17054		-774.772019		329.210422
3541		12377		-781.362327		355.395086
3551		3882		-795.850183		393.992115
3561		19450		-771.369840		321.844987
3571		12409		-781.611873		345.145337
3581		8137		-789.161687		373.147724
3591		45902		-727.651351		160.294625
3601		2103		-797.825049		398.543738
3611		15593		-776.003323		338.230961
3621		2102		-797.851422		398.628003
3631		22699		-766.204351		305.228863
3641		23683		-763.115628		283.163966
3651		3239		-796.725281		395.588058
3661		8291		-788.868615		374.288992
3671		2363		-797.645328		398.171615
3681		2562		-797.277914		397.344200
3691		4581		-794.321322		390.109455
3701		22439		-766.157255		301.492570
3711		8150		-789.242792		371.426570
3721		11514		-784.407417		360.777748
3731		3672		-795.956044		394.395068
3741		4048		-795.950815		395.186848
3751		2258		-797.830978		398.525726
3761		2715		-797.361340		397.516086
3771		2683		-797.273933		397.243172
3781		53757		-721.701137		148.135414
3791		6951		-790.581905		376.010551
3801		21584		-768.287293		301.201263
3811		2370		-797.636316		398.212018
3821		3384		-796.534938		395.493326
3831		2794		-797.259201		397.217437
3841		2521		-797.583963		397.888571
3851		2975		-797.166450		396.865749
3861		28520		-758.047138		273.833204
3871		2497		-797.696719		398.121416
3881		4415		-794.876578		391.904664
3891		2509		-797.639681		398.163454
3901		2264		-797.886696		398.511151
3911		7079		-791.012017		378.832012
3921		9772		-787.008416		364.962510
3931		3666		-796.446706		395.160519
3941		3815		-796.199949		395.296118
3951		2277		-797.856745		398.161984
3961		4119		-795.287049		391.702095
3971		3403		-796.717200		396.167212
3981		3299		-797.058026		397.210249
3991		2529		-797.631671		397.975946
4001		2520		-797.513622		397.949513
4011		5930		-794.221890		390.136624
4021		2507		-797.662273		398.284009
4031		3396		-796.967502		396.472339
4041		1999		-798.186587		399.024004
4051		2287		-797.959022		398.867440
4061		2337		-797.649840		398.408766
4071		22315		-771.395726		318.975190
4081		20103		-773.543739		317.120804
4091		17643		-776.905402		336.021511
4101		16618		-777.589856		346.927091
4111		3166		-797.046947		396.902943
4121		13633		-781.951953		348.755157
4131		2685		-797.537642		397.394820
4141		2703		-797.422845		397.601546
4151		2409		-797.908938		398.503493
4161		2031		-798.167748		399.203076
4171		10776		-786.271877		358.559578
4181		2480		-797.876106		398.664434
4191		2240		-798.093057		398.904319
4201		2167		-798.037610		398.545584
4211		2063		-798.208502		399.134647
4221		2374		-797.898128		398.640133
4231		30878		-759.280548		277.495628
4241		2904		-797.404386		397.668003
4251		3468		-796.899553		396.764526
4261		12828		-784.933114		360.426191
4271		2981		-797.423554		397.645516
4281		14293		-782.636767		356.269096
4291		2353		-797.924959		398.819856
4301		3026		-797.322483		397.349454
4311		3416		-796.913013		396.233357
4321		9650		-788.844249		372.324925
4331		2535		-797.713230		398.189333
4341		3159		-797.257775		397.022345
4351		3364		-796.931280		396.134222
4361		2840		-797.611557		397.856455
4371		3973		-795.951499		393.596889
4381		51840		-734.023282		217.653960
4391		2911		-797.483033		397.646550
4401		3752		-796.781641		395.342422
4411		6364		-794.853775		391.931081
4421		3539		-796.775390		396.484506
4431		9652		-788.945159		367.806364
4441		3870		-796.321549		394.878181
4451		16969		-778.310492		341.172770
4461		3157		-797.208698		396.957184
4471		8593		-790.849474		377.165287
4481		2307		-798.074537		398.816782
4491		1921		-798.334447		399.410376
4501		8623		-790.234170		376.898023
4511		2436		-797.990689		398.755487
4521		2512		-798.056182		398.534837
4531		33658		-759.671596		274.427720
4541		11938		-786.680467		367.754680
4551		24824		-769.662052		317.687981
4561		12620		-785.820653		360.683622
4571		10309		-788.161015		369.745789
4581		3195		-797.364768		397.208906
4591		2727		-797.767807		398.283598
4601		2782		-797.711802		398.425994
4611		2474		-798.004771		398.663630
4621		3371		-797.233499		397.105821
4631		3081		-797.515871		398.019866
4641		29306		-764.840336		288.776988
4651		2397		-798.085573		398.899161
4661		18068		-779.148681		337.462347
4671		2779		-797.740955		398.160137
4681		4299		-795.975219		394.412732
4691		2794		-797.765082		398.316350
4701		3516		-797.103595		396.910019
4711		2573		-797.969009		398.866058
4721		3297		-797.266681		397.185342
4731		2798		-797.833016		398.141196
4741		2865		-797.778528		398.165366
4751		3291		-797.289834		397.139971
4761		2809		-797.666877		398.272632
4771		3242		-797.495703		397.044645
4781		2935		-797.780381		398.375235
4791		3581		-797.082864		396.750991
4801		68592		-721.155593		153.678817
4811		2324		-798.238204		399.133652
4821		2794		-797.779714		398.467123
4831		3106		-797.636928		398.033947
4841		21371		-776.325553		328.508573
4851		30506		-764.684395		290.752834
4861		3371		-797.348694		396.828225
4871		3203		-797.391090		397.568466
4881		3910		-796.912108		396.159803
4891		2785		-797.889184		398.382335
4901		2576		-797.936748		398.730871
4911		8997		-790.662594		375.903889
4921		3115		-797.641943		398.102825
4931		15921		-782.825390		350.433583
4941		2463		-798.150982		399.034608
4951		2783		-797.997980		398.508180
4961		19048		-779.970167		344.409192
4971		30460		-766.091330		295.641521
4981		2909		-797.898414		398.002811
4991		2305		-798.361050		399.186135
5001		3615		-797.158168		396.855829
5011		2449		-798.177609		399.148673
5021		3081		-797.642701		397.815973
5031		2431		-798.175313		399.113099
5041		2783		-797.893275		398.759373
5051		24214		-773.421501		322.178578
5061		23928		-773.761707		324.098004
5071		3787		-797.109840		396.546638
5081		4089		-796.363708		394.919898
5091		2321		-798.284816		399.210371
5101		20496		-778.709273		339.957655
5111		3512		-797.373508		396.787321
5121		4152		-796.568639		396.155829
5131		2635		-798.073670		398.911323
5141		3553		-797.262011		396.722817
5151		7243		-793.054553		384.716754
5161		3507		-797.450882		397.374152
5171		2702		-798.005028		398.534133
5181		3240		-797.659911		397.439104
5191		38446		-760.074745		284.259295
5201		2864		-797.882715		398.199192
5211		2715		-797.948187		398.670889
5221		3078		-797.785865		397.969355
5231		3011		-797.851271		398.051233
5241		3194		-797.630986		397.853845
5251		46356		-750.192344		234.171015
5261		19796		-779.135526		339.241969
5271		3181		-797.636881		397.606147
5281		4252		-796.846809		396.026889
5291		19475		-780.237384		337.475335
5301		3303		-797.625354		397.877382
5311		10057		-789.450574		376.436453
5321		2574		-798.228153		398.944559
5331		8690		-791.820672		379.206528
5341		21180		-778.241528		337.818761
5351		29168		-769.170622		304.830125
5361		2791		-798.070509		398.530125
5371		3865		-797.225842		396.450568
5381		3491		-797.633897		397.559190
5391		2972		-797.895752		398.199221
5401		4072		-797.047954		396.620626
5411		9458		-791.203105		378.870079
5421		3352		-797.587899		397.591219
5431		2407		-798.442276		399.167372
5441		3875		-797.140967		396.772285
5451		3079		-797.875619		398.213906
5461		3666		-797.448086		397.599341
5471		2522		-798.256991		399.200877
5481		3588		-797.555920		397.506294
5491		19949		-780.812238		349.626662
5501		14305		-786.690420		365.974914
5511		3232		-797.690437		397.821448
5521		2536		-798.253215		399.104510
5531		3227		-797.708190		397.748328
5541		3387		-797.795344		398.068219
5551		8882		-791.838588		383.619528
5561		19792		-781.308398		352.736199
5571		6205		-795.009873		391.527912
5581		3030		-797.965239		398.517828
5591		3878		-797.297800		396.646754
5601		9738		-790.835208		376.112837
5611		8838		-794.207093		390.443415
5621		3406		-797.649529		398.081836
5631		6531		-795.484994		393.613213
5641		11261		-789.508243		375.668498
5651		2800		-798.071138		399.003362
5661		2972		-798.052641		398.675146
5671		25549		-775.301005		336.176688
5681		3012		-798.002464		398.388664
5691		27897		-771.826393		309.425057
5701		14129		-787.551658		368.052272
5711		4129		-797.251620		396.882157
5721		2806		-798.128299		398.943541
5731		28346		-773.162799		310.771244
5741		6597		-794.685943		390.728445
5751		19279		-782.434359		351.676230
5761		3283		-797.867037		398.176358
5771		3172		-797.917172		398.518454
5781		3892		-797.458571		397.345096
5791		3550		-797.643930		397.897082
5801		3653		-797.636959		397.856232
5811		3038		-798.073998		398.711065
5821		4132		-797.274695		397.563305
5831		4005		-797.193620		396.236323
5841		2668		-798.259202		398.976545
5851		13683		-787.900188		371.759357
5861		3812		-797.487801		397.503839
5871		3788		-797.602453		397.800375
5881		6068		-796.077538		394.964802
5891		3383		-797.778306		398.080122
5901		31799		-770.706660		318.640230
5911		3283		-797.891389		398.294366
5921		3126		-798.098294		398.738389
5931		2410		-798.533805		399.400776
5941		2931		-798.150480		398.869551
5951		9159		-792.463115		383.837674
5961		3817		-797.597047		397.522563
5971		3123		-798.006364		398.912745
5981		3072		-797.997659		398.739007
5991		2543		-798.416959		399.361042
6001		3501		-797.803699		398.048992
6011		3049		-798.052238		398.646814
6021		2901		-798.207607		398.987211
6031		3269		-797.995026		398.658929
6041		4190		-797.449429		397.619930
6051		19398		-782.880185		349.526690
6061		2785		-798.358027		399.242699
6071		3632		-797.824411		398.243123
6081		3528		-797.744450		397.864825
6091		3373		-797.885405		398.540798
6101		3531		-797.736109		397.775447
6111		9839		-791.696940		379.770250
6121		3095		-797.932364		398.688776
6131		2759		-798.336976		399.230142
6141		3862		-797.554796		397.953428
6151		3946		-797.463827		397.588685
6161		3930		-797.540010		397.456906
6171		13221		-788.949603		368.616756
6181		3003		-798.167934		398.785633
6191		8614		-793.128089		384.243256
6201		3200		-798.068054		398.651185
6211		11329		-790.674610		380.048945
6221		3049		-798.200289		398.735895
6231		3348		-797.980420		398.563312
6241		3056		-798.208620		398.987983
6251		2900		-798.256919		398.961126
6261		9733		-791.973806		385.808018
6271		3718		-797.815340		398.193271
6281		3494		-797.946187		398.267792
6291		2458		-798.589731		399.521539
6301		11393		-791.041422		377.540073
6311		13054		-789.091428		367.207733
6321		10314		-791.972156		383.394083
6331		10280		-792.032222		383.611120
6341		2963		-798.301214		399.126005
6351		3485		-797.954338		398.317430
6361		11214		-791.111460		376.647697
6371		3249		-798.084445		398.577303
6381		14950		-787.532989		364.802696
6391		17933		-785.237991		362.890002
6401		10466		-791.651304		378.104046
6411		4556		-796.998908		395.814693
6421		2912		-798.327986		399.201993
6431		2785		-798.398383		399.214119
6441		3996		-797.717125		397.878901
6451		3874		-797.649977		398.037514
6461		3675		-797.709333		397.888253
6471		3186		-798.121465		398.951939
6481		3472		-797.939824		398.524919
6491		3275		-798.090279		398.471422
6501		31702		-772.822027		321.416705
6511		3233		-798.136077		398.746736
6521		15365		-787.644840		363.584726
6531		4130		-797.570357		397.262900
6541		9334		-793.237731		385.179330
6551		5239		-796.586781		394.550145
6561		3412		-798.064319		398.719098
6571		17914		-785.208948		356.195100
6581		3623		-797.974168		398.223674
6591		3268		-798.074951		398.876953
6601		3804		-797.907590		398.200879
6611		4075		-797.682650		397.898956
6621		3347		-798.037759		398.691134
6631		18124		-786.286835		362.858392
6641		3720		-797.926216		398.289113
6651		2808		-798.481431		399.368817
6661		6418		-795.593454		393.476355
6671		4179		-797.662120		397.781742
6681		28303		-777.180063		330.713067
6691		4393		-797.418622		396.998057
6701		3251		-798.186539		398.756007
6711		2948		-798.346595		399.187900
6721		4330		-797.549769		397.605416
6731		3980		-797.721587		398.188679
6741		3703		-797.810414		397.985462
6751		4034		-797.805362		397.952303
6761		3564		-797.954740		398.183405
6771		3504		-798.095998		398.670802
6781		3898		-797.820380		398.062233
6791		23761		-781.054337		344.390222
6801		4868		-797.019262		396.417586
6811		3091		-798.288063		399.157246
6821		3617		-798.010262		398.575869
6831		3365		-798.170692		398.965891
6841		4845		-797.159480		396.809823
6851		9127		-793.095898		384.475259
6861		3668		-798.071418		398.792887
6871		3142		-798.316984		399.150633
6881		3550		-797.922976		398.407790
6891		36212		-771.648817		316.686693
6901		3591		-798.035647		398.630923
6911		3853		-797.904211		398.388945
6921		20445		-784.612628		361.131628
6931		3573		-798.096667		398.312798
6941		3398		-798.161072		398.877395
6951		4369		-797.547403		397.702201
6961		3859		-797.829622		398.024996
6971		2878		-798.391622		399.241142
6981		22056		-782.924509		350.640023
6991		11149		-791.485052		378.744386
7001		33144		-773.540923		321.974289
7011		3348		-798.227928		399.058907
7021		3720		-798.066942		398.633813
7031		3406		-798.165268		398.873275
7041		3044		-798.442267		399.136486
7051		3186		-798.334421		399.266487
7061		2873		-798.480102		399.263560
7071		3122		-798.297836		399.027012
7081		8361		-794.052817		390.219178
7091		30092		-776.892399		332.071922
7101		4500		-797.551894		397.347979
7111		23440		-781.663901		347.740121
7121		6343		-795.789355		392.928802
7131		3335		-798.242042		398.820642
7141		3847		-797.908416		398.361854
7151		4084		-797.825199		398.061250
7161		33933		-773.342829		313.510962
7171		17254		-787.332311		362.956073
7181		15513		-788.646707		370.349255
7191		4080		-797.848422		398.536226
7201		3488		-798.144702		398.997639
7211		3643		-798.135626		398.508390
7221		4087		-797.772054		397.864562
7231		4224		-797.763518		397.852026
7241		14648		-789.373291		372.667311
7251		26249		-780.093229		342.044132
7261		4291		-797.703347		397.900565
7271		12375		-790.962454		379.247971
7281		3346		-798.202994		399.033100
7291		18401		-786.560966		371.297490
7301		3214		-798.453910		399.291878
7311		3956		-797.926412		398.381890
7321		68181		-747.539407		237.039202
7331		3619		-798.086482		398.796617
7341		20867		-784.745403		354.423376
7351		3711		-798.075364		398.654605
7361		3163		-798.379568		399.296020
7371		11509		-791.943020		381.122778
7381		5756		-796.572822		394.132502
7391		3661		-798.083615		398.657015
7401		20094		-785.366842		358.502094
7411		3678		-798.054244		398.508703
7421		3957		-797.979248		398.448996
7431		3122		-798.423362		399.202261
7441		4106		-797.940599		398.249429
7451		4218		-797.889679		398.073010
7461		4042		-797.960595		398.177456
7471		4222		-797.850355		397.922366
7481		3913		-797.967651		398.534688
7491		3881		-798.034441		398.629555
7501		83485		-737.383815		205.376883
7511		3952		-798.030622		398.297697
7521		16485		-788.485574		368.803617
7531		3050		-798.475634		399.460098
7541		3085		-798.449012		399.378597
7551		4776		-797.625215		397.823864
7561		3687		-798.128290		398.734294
7571		6960		-795.656056		391.929996
7581		19852		-785.599789		362.869278
7591		3302		-798.349625		399.049928
7601		34812		-773.974477		322.830943
7611		4165		-797.889896		398.501117
7621		13698		-790.325679		372.270568
7631		4168		-797.910104		398.088062
7641		7706		-795.263447		392.634734
7651		3308		-798.370932		399.180238
7661		19821		-786.283775		366.663360
7671		20715		-785.512710		358.726633
7681		8237		-794.819945		389.480276
7691		17823		-787.532961		370.074633
7701		4707		-797.630438		397.811193
7711		3693		-798.193230		398.912722
7721		3559		-798.302292		399.180676
7731		11484		-792.477558		384.050964
7741		6017		-796.330707		395.165741
7751		3504		-798.267578		399.178171
7761		29354		-779.606236		341.848731
7771		4224		-797.979668		398.402522
7781		4057		-797.951420		398.703509
7791		3948		-798.054678		398.311642
7801		3948		-797.990001		398.474811
7811		3661		-798.248624		398.726924
7821		4743		-797.659123		397.367600
7831		3883		-798.068191		398.732984
7841		3589		-798.333886		399.115929
7851		4232		-797.929436		398.115654
7861		10380		-793.627274		385.754230
7871		4512		-797.831025		397.825943
7881		36747		-775.143256		324.762340
7891		4200		-797.943480		398.224813
7901		4500		-797.865080		398.103025
7911		3751		-798.218683		399.015295
7921		3930		-798.031562		398.624669
7931		4213		-797.980583		398.408776
7941		3911		-798.020400		398.764387
7951		3827		-798.197963		398.729468
7961		19038		-787.080518		362.676046
7971		14078		-791.076151		376.903525
7981		3238		-798.489914		399.166270
7991		19937		-786.346640		363.585033
8001		3336		-798.443195		399.284589
8011		3443		-798.429659		399.201598
8021		24760		-783.565640		353.399825
8031		4116		-798.025651		398.602416
8041		4391		-797.926129		398.247482
8051		4151		-798.100609		398.508011
8061		16420		-789.379481		371.466071
8071		3374		-798.415066		399.262793
8081		20269		-786.209628		358.017325
8091		21158		-786.010135		367.166728
8101		4128		-798.053080		398.589063
8111		34258		-775.805203		329.498705
8121		9787		-793.908632		385.254279
8131		3479		-798.438076		399.290862
8141		67130		-754.676330		270.000737
8151		7372		-796.523126		395.184640
8161		3102		-798.548707		399.318221
8171		4550		-797.941500		398.127524
8181		4137		-798.043760		398.431488
8191		3828		-798.270785		398.842632
8201		4835		-797.739300		397.655652
8211		4164		-798.057240		398.557058
8221		3808		-798.202652		398.810607
8231		4032		-798.121249		398.720690
8241		3630		-798.363791		399.090402
8251		3452		-798.357048		399.306751
8261		3755		-798.179881		398.807408
8271		4697		-797.771491		397.721678
8281		3644		-798.306968		399.043111
8291		2997		-798.613436		399.546496
8301		4392		-798.007469		398.038068
8311		4746		-797.817350		397.844062
8321		3126		-798.550174		399.462565
8331		4115		-798.101068		398.579042
8341		10875		-793.738880		388.763458
8351		3858		-798.212909		398.745779
8361		3874		-798.198302		398.830283
8371		30036		-780.777446		352.755465
8381		4220		-798.112397		398.602792
8391		4135		-798.080324		398.145632
8401		16217		-790.175455		373.981907
8411		27348		-782.535251		345.136845
8421		3048		-798.681392		399.591497
8431		4378		-797.946626		398.323331
8441		3954		-798.286459		399.021443
8451		4395		-797.934446		398.199503
8461		4042		-798.188394		398.889729
8471		4754		-797.825050		397.965057
8481		3676		-798.389341		399.076760
8491		11545		-794.846308		391.589683
8501		4104		-798.233149		398.936596
8511		22239		-785.656210		362.168488
8521		26318		-783.408520		355.289285
8531		3804		-798.322354		398.987926
8541		24473		-784.502986		353.583655
8551		3940		-798.218220		398.962928
8561		3984		-798.224506		398.938675
8571		3407		-798.493991		399.390270
8581		3790		-798.339587		399.196364
8591		3464		-798.502153		399.199395
8601		8169		-795.723753		393.302174
8611		4296		-798.144234		398.656137
8621		35534		-776.865329		330.939798
8631		26723		-783.675588		357.336577
8641		4232		-798.112718		398.690429
8651		4074		-798.213848		398.992949
8661		10656		-793.634915		387.672786
8671		4210		-798.132165		398.608465
8681		3987		-798.283147		398.866720
8691		3555		-798.442067		399.250489
8701		4767		-797.850362		398.012412
8711		6816		-796.411893		393.901274
8721		4452		-797.990139		398.479074
8731		5241		-797.685488		397.875616
8741		4442		-797.908706		398.219655
8751		3962		-798.299623		399.004914
8761		9026		-795.058098		388.342198
8771		42469		-773.839699		318.919393
8781		3696		-798.426603		399.108758
8791		4355		-798.073484		398.556933
8801		4582		-798.078855		398.396546
8811		13149		-792.527522		381.271592
8821		4237		-798.112232		398.813060
8831		8816		-795.291586		388.906579
8841		22142		-786.855786		362.726615
8851		3717		-798.415546		399.217490
8861		27962		-783.303465		350.880036
8871		20946		-787.805208		367.068876
8881		4024		-798.212363		398.953046
8891		4491		-798.019570		398.320549
8901		4644		-798.009212		398.470509
8911		3348		-798.600830		399.462238
8921		4650		-797.987221		398.255577
8931		6124		-796.971896		395.589744
8941		5906		-797.152891		396.101778
8951		3988		-798.293375		399.011954
8961		4287		-798.148867		398.878697
8971		4128		-798.240553		398.898005
8981		4987		-797.966373		397.981517
8991		18143		-789.639862		372.841063
9001		4399		-798.066881		398.416398
9011		4979		-797.807569		397.716125
9021		3988		-798.399734		399.229575
9031		5497		-797.672904		397.476248
9041		7194		-796.186705		393.115363
9051		3673		-798.469119		399.287814
9061		3607		-798.456241		399.324357
9071		6976		-796.580752		394.787785
9081		14818		-791.703116		379.139522
9091		4136		-798.267297		398.813552
9101		3715		-798.453357		399.307988
9111		31538		-781.447920		348.901767
9121		8999		-795.258415		388.934327
9131		4466		-798.121564		398.718432
9141		3903		-798.304343		399.238814
9151		4151		-798.262922		398.703748
9161		3334		-798.578321		399.500710
9171		4496		-798.147203		398.478465
9181		4341		-798.182769		398.555713
9191		3745		-798.502448		399.293222
9201		20316		-788.315183		373.406369
9211		5945		-797.457388		397.035718
9221		29352		-782.329032		349.818675
9231		3967		-798.406673		399.205937
9241		4668		-798.022725		398.551239
9251		4233		-798.270025		399.047022
9261		4200		-798.323723		398.842026
9271		101493		-738.579657		209.033977
9281		52182		-768.664153		308.063140
9291		4429		-798.248628		398.847056
9301		3885		-798.378239		399.080529
9311		4144		-798.301794		399.070991
9321		4044		-798.350392		398.936809
9331		3623		-798.551924		399.399850
9341		10854		-794.102559		389.029226
9351		4259		-798.232061		398.976580
9361		4537		-798.167290		398.593740
9371		4298		-798.186746		398.743997
9381		11581		-793.962691		385.872508
9391		4534		-798.214461		398.634224
9401		3761		-798.434635		399.312201
9411		5075		-797.879503		397.868452
9421		11762		-793.874960		385.103492
9431		5867		-797.385643		396.430707
9441		3750		-798.466264		399.229319
9451		3669		-798.567771		399.358375
9461		4277		-798.306310		398.871578
9471		3978		-798.398480		399.187625
9481		4637		-798.096825		398.280139
9491		4618		-798.167949		398.741966
9501		5111		-797.891590		398.086938
9511		3919		-798.442225		399.055620
9521		9191		-795.321080		392.437769
9531		15455		-791.804008		381.827930
9541		5466		-797.775495		397.695210
9551		41127		-776.479112		326.821066
9561		4571		-798.256668		398.858278
9571		4619		-798.197054		398.515934
9581		4928		-797.883311		398.098737
9591		4224		-798.295902		398.769263
9601		35216		-779.500885		342.084575
9611		4621		-798.180418		398.665487
9621		4257		-798.365658		398.785365
9631		3998		-798.407227		399.132800
9641		3913		-798.414687		399.266051
9651		4300		-798.311470		399.022277
9661		4140		-798.354208		399.133630
9671		19475		-789.505532		370.339158
9681		4161		-798.390662		399.239335
9691		19741		-789.511506		373.574657
9701		4144		-798.402639		399.212246
9711		5027		-798.065699		398.091649
9721		6153		-797.639338		397.319000
9731		5229		-797.876477		398.065564
9741		16278		-791.143825		376.919207
9751		22071		-787.937237		368.860014
9761		16887		-791.213195		377.548817
9771		4826		-798.092314		398.807287
9781		4474		-798.233309		398.769451
9791		3791		-798.555817		399.484220
9801		3638		-798.648709		399.508213
9811		19742		-789.009479		371.367241
9821		5239		-797.900010		397.922818
9831		18121		-790.292341		374.020140
9841		15106		-791.646377		379.790672
9851		4502		-798.230840		398.537813
9861		4509		-798.207484		398.537268
9871		34927		-780.660115		343.195624
9881		4922		-798.066592		398.203016
9891		4145		-798.386007		398.922859
9901		4902		-798.125846		398.381376
9911		7190		-796.648169		395.581273
9921		4365		-798.301784		398.872896
9931		5312		-797.999396		397.985097
9941		4077		-798.426718		399.233276
9951		4541		-798.284795		398.936187
9961		4684		-798.204196		398.796506
9971		4077		-798.488416		399.274496
9981		6141		-797.392245		396.861036
9991		3989		-798.499450		399.379842
10001		9607		-795.186881		388.352365
10011		4586		-798.267506		398.865448
10021		3862		-798.519908		399.472109
10031		3677		-798.621075		399.463065
10041		4573		-798.305348		398.922816
10051		39367		-778.568501		332.180679
10061		21608		-788.242918		371.093132
10071		10230		-794.957005		388.258961
10081		4152		-798.351354		399.184208
10091		4381		-798.353781		399.113467
10101		5389		-797.895654		397.999604
10111		4331		-798.376026		399.097221
10121		4162		-798.480783		399.267661
10131		4657		-798.141546		398.717599
10141		4624		-798.217927		398.692634
10151		4322		-798.292976		399.161462
10161		5419		-797.963586		397.881508
10171		15494		-792.272540		380.294170
10181		4630		-798.329044		398.868873
10191		3872		-798.612501		399.362379
10201		5227		-797.967258		397.980786
10211		4924		-798.147880		398.690236
10221		22148		-788.494276		367.833480
10231		26624		-786.330564		362.624572
10241		43228		-777.039742		333.265501
10251		26333		-786.612428		360.320749
10261		11834		-794.315174		388.285937
10271		5532		-797.934768		397.940804
10281		4456		-798.390818		399.014493
10291		5009		-798.117578		398.601302
10301		4873		-798.124842		398.352005
10311		4451		-798.355543		399.108137
10321		4933		-798.170332		398.526112
10331		3808		-798.635563		399.502275
10341		4634		-798.352190		398.789672
10351		3699		-798.662931		399.485460
10361		4316		-798.422932		399.245054
10371		4390		-798.363899		399.140295
10381		4720		-798.227916		398.849244
10391		21262		-789.252238		365.521509
10401		9730		-795.653495		390.738967
10411		4415		-798.422438		399.075017
10421		4286		-798.412820		399.308320
10431		4391		-798.484517		399.175918
10441		19738		-790.076813		373.546212
10451		26679		-785.813798		359.395465
10461		4452		-798.388299		399.051142
10471		33134		-782.487251		348.909178
10481		5294		-798.073085		398.320580
10491		4478		-798.378801		399.069869
10501		4672		-798.252357		398.835349
10511		5198		-798.151651		398.476453
10521		8796		-796.866077		395.896208
10531		5052		-798.204539		398.535372
10541		11656		-794.296556		385.011669
10551		3933		-798.596910		399.388115
10561		43538		-777.339267		327.487359
10571		23257		-788.387854		368.401476
10581		4420		-798.375579		399.111426
10591		12250		-794.270607		385.016146
10601		13838		-793.745873		383.574002
10611		4662		-798.306286		398.750542
10621		40469		-779.478392		337.186517
10631		5450		-798.050607		398.057944
10641		82140		-757.379194		271.660182
10651		5197		-798.185335		398.503239
10661		4665		-798.386268		398.974393
10671		4110		-798.472496		399.436042
10681		4531		-798.368318		399.191274
10691		4720		-798.261341		398.818632
10701		4339		-798.469676		399.095972
10711		4361		-798.440482		399.166651
10721		13791		-793.351366		382.533719
10731		4701		-798.391949		399.042587
10741		28810		-785.840797		362.354716
10751		11859		-794.193284		385.828481
10761		5847		-797.929189		397.842394
10771		12716		-794.226349		387.492712
10781		25760		-787.288007		364.220202
10791		10186		-795.424335		389.228246
10801		5034		-798.211277		398.624387
10811		4641		-798.376838		399.068726
10821		11451		-794.743554		388.838555
10831		3926		-798.667528		399.542609
10841		4381		-798.468038		399.125726
10851		4482		-798.429269		399.339600
10861		4759		-798.353006		398.745051
10871		21774		-789.818048		371.626529
10881		13378		-793.809025		383.632938
10891		5811		-797.939583		397.804609
10901		4745		-798.324557		398.858086
10911		4746		-798.348089		399.000458
10921		4492		-798.412600		399.175533
10931		4839		-798.326228		398.823163
10941		14556		-793.314322		382.794443
10951		4692		-798.365446		399.065656
10961		24530		-788.308366		366.452149
10971		4512		-798.388114		399.138274
10981		16239		-792.342774		377.699481
10991		3988		-798.598126		399.511236
11001		5582		-798.005999		398.207617
11011		8161		-796.669876		394.015984
11021		6949		-797.196625		395.849378
11031		16136		-792.760403		381.361255
11041		19705		-790.362829		371.591523
11051		15438		-792.626188		380.844810
11061		23005		-788.716391		366.396348
11071		3986		-798.658477		399.547466
11081		4511		-798.424330		399.173721
11091		4358		-798.551258		399.388333
11101		5040		-798.274390		398.891812
11111		20032		-790.140941		375.541355
11121		4587		-798.463088		399.206726
11131		11430		-794.907555		388.444884
11141		5083		-798.233911		398.860066
11151		5277		-798.204287		398.739844
11161		4597		-798.418063		399.164412
11171		5226		-798.164533		398.498075
11181		5173		-798.208031		398.706377
11191		5386		-798.134572		398.734161
11201		4926		-798.281225		398.847424
11211		4004		-798.594595		399.551512
11221		4574		-798.416184		399.203636
11231		7476		-797.135785		396.757368
11241		36854		-782.009074		346.203363
11251		4977		-798.359257		398.928629
11261		4926		-798.357517		399.066868
11271		25952		-787.561352		365.218880
11281		5046		-798.242709		398.864640
11291		5338		-798.176601		398.500930
11301		4607		-798.425980		399.275108
11311		5003		-798.288392		398.751658
11321		25469		-788.035686		369.168095
11331		4669		-798.419910		399.074927
11341		4454		-798.534168		399.349793
11351		5210		-798.196106		398.753238
11361		21882		-790.160725		373.865681
11371		4275		-798.576730		399.401284
11381		4355		-798.489764		399.219049
11391		4544		-798.510403		399.189887
11401		5616		-798.145777		398.471011
11411		11788		-794.926299		388.584874
11421		4690		-798.427108		399.088696
11431		5138		-798.257370		398.734144
11441		4357		-798.519011		399.342540
11451		4588		-798.459873		399.248625
11461		4759		-798.389320		399.190298
11471		4827		-798.355505		399.056054
11481		7836		-796.805853		394.686700
11491		5520		-798.166565		398.631451
11501		6610		-797.457265		396.419442
11511		4138		-798.627052		399.508991
11521		8742		-796.680149		394.327055
11531		4365		-798.551730		399.419651
11541		5380		-798.165150		398.221645
11551		11558		-795.122847		390.772920
11561		5080		-798.279042		398.695961
11571		5066		-798.342408		398.962752
11581		40873		-780.670754		343.466022
11591		14205		-793.934950		385.107929
11601		5246		-798.230153		399.046634
11611		4876		-798.482818		399.048833
11621		27847		-787.152913		365.728595
11631		5229		-798.306594		398.874903
11641		5876		-798.017352		398.167340
11651		4285		-798.592052		399.489143
11661		5444		-798.167910		398.535117
11671		6063		-797.994688		398.005655
11681		4620		-798.430614		399.232258
11691		14979		-793.633393		384.102301
11701		25168		-788.546620		367.449962
11711		7625		-797.488857		397.113654
11721		5163		-798.376930		398.841908
11731		4362		-798.570625		399.358622
11741		5156		-798.358573		399.036028
11751		8450		-796.599779		394.395711
11761		5040		-798.363404		398.992943
11771		5025		-798.381106		398.993289
11781		5879		-798.078262		398.090654
11791		5060		-798.412348		398.826732
11801		5983		-798.105245		398.163376
11811		5657		-798.163068		398.524088
11821		4327		-798.618729		399.379579
11831		41734		-780.726566		345.808469
11841		4650		-798.555527		399.422684
11851		4755		-798.452451		398.967345
11861		32921		-784.876823		355.247281
11871		4338		-798.669362		399.483279
11881		5555		-798.161771		398.414612
11891		5265		-798.274325		398.970314
11901		5796		-798.150744		398.480128
11911		10090		-796.007052		391.831248
11921		5213		-798.299807		398.906468
11931		5399		-798.328388		398.992708
11941		4995		-798.410518		398.951177
11951		8948		-796.681115		393.986947
11961		5364		-798.221888		398.574032
11971		4858		-798.451591		399.195222
11981		18610		-791.924213		381.478007
11991		4523		-798.573263		399.394713
12001		5642		-798.151487		398.380968
12011		43037		-780.717342		336.955457
12021		5574		-798.223110		398.589968
12031		4716		-798.476602		399.173136
12041		4886		-798.479860		399.275309
12051		4561		-798.593644		399.299809
12061		5055		-798.376586		399.099246
12071		35937		-783.852871		358.190208
12081		4605		-798.566013		399.334823
12091		4818		-798.501365		399.196427
12101		4782		-798.460293		399.202711
12111		5301		-798.322517		398.713401
12121		5712		-798.158238		398.480323
12131		5598		-798.186135		398.458660
12141		5079		-798.380694		398.929083
12151		32605		-785.621595		357.207143
12161		4212		-798.669846		399.519283
12171		4482		-798.584175		399.377372
12181		5612		-798.219522		398.438059
12191		7765		-797.200558		395.794439
12201		52975		-776.184247		328.368986
12211		14763		-793.770207		386.248137
12221		4913		-798.482285		399.229523
12231		5659		-798.221895		398.710817
12241		5703		-798.142635		398.884895
12251		5583		-798.191495		398.642070
12261		6306		-797.953837		398.033276
12271		5033		-798.420667		398.933420
12281		4707		-798.579920		399.371712
12291		34109		-785.207388		355.509072
12301		5835		-798.158524		398.618649
12311		20519		-791.481764		378.960442
12321		4538		-798.520250		399.449233
12331		5328		-798.297299		398.750304
12341		14124		-794.290900		388.271939
12351		5861		-798.071411		398.349445
12361		5127		-798.473910		399.122401
12371		70837		-768.031040		306.522351
12381		5095		-798.398837		399.037558
12391		10399		-796.242434		392.801227
12401		5120		-798.394968		399.059915
12411		5364		-798.437515		398.993151
12421		4927		-798.489011		399.298929
12431		10395		-795.916660		390.778538
12441		6179		-798.085041		398.317659
12451		5154		-798.435788		399.177737
12461		42494		-780.987401		339.408555
12471		22064		-790.609253		374.892310
12481		5657		-798.256870		398.594984
12491		4876		-798.528220		399.402290
12501		5563		-798.333893		398.818495
12511		4804		-798.482615		399.360403
12521		4636		-798.612571		399.412028
12531		5227		-798.326071		399.061049
12541		5476		-798.341121		398.963878
12551		5210		-798.420206		399.265397
12561		5473		-798.345355		398.791975
12571		11762		-795.615623		391.193700
12581		10838		-795.863604		392.838884
12591		43373		-782.704789		352.566119
12601		5000		-798.422347		399.156575
12611		11093		-795.677742		392.199033
12621		5812		-798.265748		398.668885
12631		17413		-793.128968		383.555063
12641		5356		-798.340005		399.058619
12651		5465		-798.393803		398.961979
12661		5237		-798.396019		399.009241
12671		5400		-798.423487		399.098729
12681		5651		-798.302342		398.556265
12691		5738		-798.260500		398.652588
12701		4798		-798.529880		399.287773
12711		49441		-778.157816		330.481158
12721		5887		-798.169955		398.279066
12731		5810		-798.152541		398.506480
12741		5242		-798.446276		399.077309
12751		5391		-798.353698		399.008705
12761		14067		-794.622052		387.396599
12771		44381		-781.596116		350.938689
12781		5185		-798.448948		399.053595
12791		15100		-794.031428		386.138066
12801		5163		-798.427623		399.241309
12811		5855		-798.308017		398.757006
12821		22189		-790.667187		373.124561
12831		17535		-793.280648		383.032032
12841		5038		-798.498559		399.250837
12851		5487		-798.339118		399.159910
12861		5074		-798.443667		399.184978
12871		13613		-794.980965		389.079947
12881		5051		-798.450741		399.184380
12891		5754		-798.291832		398.739120
12901		5579		-798.355166		398.960236
12911		4856		-798.520951		399.421114
12921		5310		-798.482780		399.096200
12931		4478		-798.660892		399.540175
12941		14888		-794.247740		385.602349
12951		4574		-798.599645		399.493321
12961		7198		-797.527351		396.668776
12971		5262		-798.444222		399.335286
12981		5558		-798.323088		398.880364
12991		4929		-798.498961		399.341698
13001		6466		-798.070302		398.517960
13011		14565		-794.547383		387.117823
13021		5639		-798.313801		398.813302
13031		38148		-783.855729		352.354539
13041		5679		-798.306265		398.870639
13051		4688		-798.614053		399.472224
13061		5483		-798.361228		399.082765
13071		6429		-798.099916		398.545941
13081		8022		-797.659200		397.582142
13091		5757		-798.335345		398.894966
13101		7704		-797.722006		397.764751
13111		9813		-796.327969		392.556937
13121		5900		-798.253182		398.507278
13131		4891		-798.575889		399.488386
13141		5067		-798.464653		399.284682
13151		5821		-798.283020		398.885104
13161		5282		-798.450878		399.095509
13171		6080		-798.243717		398.595551
13181		4883		-798.597678		399.410667
13191		11794		-795.634599		390.995830
13201		5627		-798.327399		398.905386
13211		20747		-791.677239		380.226629
13221		6326		-798.109371		398.542016
13231		6126		-798.229915		398.816718
13241		5795		-798.361453		398.867759
13251		7017		-797.608030		397.447740
13261		5402		-798.436015		398.958600
13271		6232		-798.170748		398.519931
13281		5896		-798.202244		398.842858
13291		5456		-798.399518		399.179144
13301		21144		-791.662582		378.586272
13311		9842		-796.584780		394.526482
13321		5514		-798.434952		398.995721
13331		6538		-798.051159		398.295552
13341		5677		-798.408215		399.180121
13351		5998		-798.251517		398.811774
13361		5786		-798.324976		398.905321
13371		16452		-793.745270		385.140229
13381		6037		-798.276960		398.702489
13391		4768		-798.659398		399.505638
13401		5071		-798.525483		399.351093
13411		5061		-798.559093		399.339050
13421		5988		-798.329484		398.886670
13431		5607		-798.398332		399.061276
13441		6529		-798.118295		398.150584
13451		5586		-798.411122		399.030407
13461		5708		-798.418840		398.994726
13471		13089		-795.372578		389.896222
13481		5449		-798.477264		399.129293
13491		4981		-798.613594		399.452079
13501		4795		-798.625583		399.476779
13511		5211		-798.487751		399.267560
13521		7834		-797.459360		396.990016
13531		6021		-798.316163		398.631143
13541		11793		-795.651724		392.295251
13551		4691		-798.698546		399.576858
13561		26030		-789.759162		372.856279
13571		18751		-792.985631		381.381180
13581		5230		-798.500258		399.288123
13591		5146		-798.540210		399.375616
13601		6022		-798.281597		398.895228
13611		5203		-798.522078		399.142017
13621		7544		-797.623669		397.488877
13631		30822		-787.858558		368.879613
13641		5515		-798.492193		399.140825
13651		5159		-798.554831		399.411179
13661		5360		-798.539492		399.245443
13671		5844		-798.343647		399.084047
13681		5273		-798.564432		399.344492
13691		6217		-798.197940		398.760061
13701		5231		-798.509014		399.405007
13711		5814		-798.330975		398.785938
13721		5728		-798.404489		398.865243
13731		5059		-798.599082		399.416648
13741		7419		-797.652864		397.381704
13751		27539		-789.479456		368.783361
13761		4933		-798.635564		399.537243
13771		5382		-798.509622		399.199913
13781		5073		-798.618968		399.364778
13791		5240		-798.519904		399.336959
13801		5583		-798.411709		399.185566
13811		5120		-798.546955		399.432916
13821		5140		-798.617177		399.507416
13831		5218		-798.582894		399.320656
13841		5779		-798.431038		398.903403
13851		5557		-798.425240		399.178687
13861		6781		-798.047760		398.358271
13871		5495		-798.503641		399.196020
13881		5415		-798.546214		399.177005
13891		24447		-790.960190		375.628249
13901		27827		-789.321344		370.894468
13911		22863		-791.334915		375.290490
13921		29759		-788.438187		365.876015
13931		4762		-798.668868		399.541454
13941		6646		-798.116061		398.121082
13951		5379		-798.526271		399.335101
13961		5565		-798.478046		399.180574
13971		80246		-768.206141		304.864219
13981		5442		-798.485373		399.230813
13991		5090		-798.632264		399.388893
14001		5417		-798.510392		399.290194
14011		5163		-798.583399		399.390622
14021		4780		-798.683118		399.533414
14031		5275		-798.511867		399.164849
14041		5372		-798.533438		399.271704
14051		38826		-784.947975		356.092662
14061		5491		-798.477206		399.203044
14071		34107		-787.020397		363.352996
14081		5540		-798.530502		399.227044
14091		6171		-798.254773		398.743453
14101		17999		-793.586554		386.112049
14111		5320		-798.565658		399.370562
14121		27153		-789.919128		372.850648
14131		6526		-798.236218		398.504847
14141		4981		-798.612262		399.541617
14151		10430		-796.439262		393.739524
14161		17288		-793.860321		385.704823
14171		5432		-798.575965		399.301955
14181		5733		-798.468373		399.131232
14191		6162		-798.288775		398.936650
14201		13028		-795.488205		391.592986
14211		4818		-798.689184		399.612554
14221		5337		-798.541875		399.334927
14231		4982		-798.674443		399.525964
14241		5559		-798.488028		399.294432
14251		6673		-798.235913		398.515332
14261		13625		-795.390225		388.668256
14271		5789		-798.434027		398.923551
14281		20711		-792.584833		381.216161
14291		5260		-798.616752		399.315233
14301		8343		-797.526327		396.312146
14311		5311		-798.620641		399.465586
14321		16782		-793.980029		383.908247
14331		5307		-798.556695		399.436327
14341		53149		-779.569347		334.214490
14351		5424		-798.571528		399.404223
14361		43926		-783.425110		354.114477
14371		5983		-798.411523		399.050170
14381		5883		-798.375913		399.011195
14391		5382		-798.577444		399.246473
14401		6390		-798.270398		398.580237
14411		8140		-797.842759		397.746999
14421		9334		-797.523057		397.132654
14431		6159		-798.390964		398.955443
14441		6277		-798.402327		398.960875
14451		6216		-798.230157		398.657117
14461		5918		-798.377152		398.893438
14471		34439		-787.279386		364.334324
14481		7184		-798.031075		398.124163
14491		6486		-798.186737		398.679042
14501		5541		-798.576098		399.354114
14511		5836		-798.505961		399.174006
14521		6284		-798.350527		398.771710
14531		6047		-798.363774		399.032138
14541		30636		-788.840382		368.178392
14551		5671		-798.542781		399.228232
14561		7202		-797.994094		397.645354
14571		7426		-797.988608		397.991215
14581		5433		-798.575406		399.343666
14591		5700		-798.498801		399.357412
14601		5742		-798.469420		399.188138
14611		6584		-798.277736		398.832250
14621		25663		-790.916900		377.832843
14631		5646		-798.550748		399.387192
14641		6382		-798.335360		398.782870
14651		5547		-798.523514		399.306805
14661		40683		-784.990110		356.759839
14671		5312		-798.616863		399.505283
14681		5414		-798.594101		399.474831
14691		7504		-797.786672		397.778095
14701		5485		-798.587035		399.374192
14711		25296		-790.999932		375.348107
14721		5149		-798.634060		399.422729
14731		6270		-798.349331		399.065915
14741		6282		-798.362662		398.978495
14751		5831		-798.480103		399.230154
14761		9996		-796.876905		395.166046
14771		6010		-798.408774		399.149956
14781		22409		-792.033827		377.248901
14791		6328		-798.354675		398.959367
14801		8525		-797.443416		396.351057
14811		5726		-798.503005		399.167106
14821		6159		-798.396869		398.964577
14831		5345		-798.635291		399.482840
14841		32359		-788.515060		367.330369
14851		5953		-798.422732		399.197764
14861		6198		-798.362963		398.774645
14871		6383		-798.371865		398.824154
14881		5671		-798.551441		399.376789
14891		86955		-767.433483		298.954268
14901		6346		-798.333535		398.890947
14911		9804		-797.506271		397.146000
14921		5484		-798.565244		399.384492
14931		5464		-798.556560		399.286049
14941		18808		-793.710193		382.971555
14951		6199		-798.391011		399.074711
14961		22750		-792.181004		383.931689
14971		10709		-796.641774		394.948100
14981		5832		-798.493024		399.177491
14991		6191		-798.406511		399.007004
15001		12898		-795.916806		393.171522
15011		5873		-798.473919		399.356872
15021		6097		-798.440849		399.175954
15031		11043		-796.422327		393.228661
15041		6435		-798.394256		398.889037
15051		15219		-794.858016		390.276261
15061		5622		-798.597437		399.261138
15071		5896		-798.501228		399.235353
15081		28568		-789.911014		374.246668
15091		5856		-798.510901		399.076801
15101		5661		-798.527515		399.019800
15111		5950		-798.483489		399.177553
15121		5578		-798.578930		399.479796
15131		5643		-798.548411		399.381799
15141		20140		-793.038769		380.442639
15151		6701		-798.251205		398.788727
15161		15422		-794.966823		388.585713
15171		6669		-798.295168		398.680773
15181		6195		-798.452276		399.062776
15191		9246		-797.347113		396.130077
15201		5705		-798.545885		399.353332
15211		5814		-798.488988		399.277102
15221		21577		-792.653045		381.082189
15231		8512		-797.518745		396.087322
15241		6779		-798.304573		398.641428
15251		6574		-798.326929		398.759426
15261		5641		-798.626040		399.485224
15271		5689		-798.586602		399.353939
15281		51239		-781.543093		344.746024
15291		40161		-785.457589		355.604212
15301		7190		-798.167701		398.263512
15311		6350		-798.411600		398.825550
15321		13954		-795.620912		390.502970
15331		6491		-798.368534		398.862827
15341		5647		-798.604524		399.429633
15351		5979		-798.485571		399.218422
15361		6312		-798.364690		398.983660
15371		6245		-798.373040		398.959599
15381		8924		-797.513036		396.682140
15391		5911		-798.524852		399.264635
15401		14870		-795.183170		387.943510
15411		17787		-794.188826		386.162092
15421		5546		-798.626289		399.381363
15431		6657		-798.344113		398.668136
15441		26261		-791.141247		376.404119
15451		12349		-796.191056		391.918452
15461		6566		-798.413815		399.036673
15471		6106		-798.473790		399.223192
15481		6006		-798.496221		399.126801
15491		5716		-798.541863		399.409076
15501		5849		-798.530933		399.353074
15511		6036		-798.517439		399.266714
15521		19152		-793.895754		386.116230
15531		6561		-798.349881		399.059558
15541		6328		-798.435622		399.089119
15551		6441		-798.374381		398.931516
15561		5615		-798.599062		399.499904
15571		12167		-796.367350		392.411149
15581		21600		-792.836403		381.886272
15591		13079		-795.828876		391.664935
15601		6763		-798.247805		398.531761
15611		5689		-798.558452		399.316508
15621		6456		-798.384226		398.927597
15631		5552		-798.677500		399.529781
15641		5996		-798.530529		399.250687
15651		11825		-796.242796		393.705450
15661		6680		-798.351829		398.790371
15671		6112		-798.429200		399.180907
15681		10482		-796.834386		395.601811
15691		6764		-798.332037		399.018163
15701		5786		-798.589899		399.343099
15711		5954		-798.564318		399.325059
15721		5454		-798.702881		399.562242
15731		6681		-798.297629		398.678151
15741		6556		-798.441268		398.933613
15751		14129		-795.604597		391.068631
15761		6599		-798.399340		398.923038
15771		6043		-798.489633		399.299601
15781		5910		-798.522020		399.389899
15791		10690		-796.965613		394.356912
15801		5922		-798.555788		399.375609
15811		5869		-798.578205		399.287458
15821		16057		-795.001580		388.548385
15831		6536		-798.438254		398.931211
15841		6071		-798.469794		399.187551
15851		5944		-798.538136		399.293168
15861		11081		-796.766660		394.626568
15871		7669		-798.157646		398.548170
15881		6361		-798.498331		399.189472
15891		7558		-798.131521		398.617331
15901		20368		-793.851707		383.307968
15911		13612		-795.763183		391.175790
15921		6302		-798.492306		399.288738
15931		5720		-798.593183		399.438453
15941		5337		-798.682642		399.541183
15951		5965		-798.615008		399.458717
15961		30206		-790.245724		374.090095
15971		6584		-798.400351		398.858180
15981		5822		-798.572305		399.470371
15991		5836		-798.610218		399.424927
16001		37764		-787.673020		365.089057
16011		14462		-795.554806		390.600087
16021		6102		-798.588353		399.203795
16031		5961		-798.583994		399.413636
16041		5980		-798.567172		399.386073
16051		5868		-798.592736		399.389446
16061		5854		-798.573937		399.455700
16071		7324		-798.250264		398.720553
16081		12599		-796.333313		392.978297
16091		5736		-798.649929		399.479336
16101		6596		-798.393392		398.994721
16111		27554		-790.941593		375.851654
16121		5944		-798.607282		399.404379
16131		7238		-798.229496		398.383485
16141		6038		-798.556719		399.362369
16151		6047		-798.588323		399.378986
16161		6355		-798.451581		399.161809
16171		6919		-798.330839		398.843114
16181		11366		-796.694395		394.028181
16191		25711		-791.395220		375.118399
16201		6442		-798.479353		399.066477
16211		6041		-798.570107		399.358584
16221		23469		-792.263609		379.583626
16231		5944		-798.586409		399.439468
16241		11466		-796.829506		394.256881
16251		43281		-785.496277		355.308473
16261		7018		-798.263329		398.662936
16271		6049		-798.583738		399.390941
16281		6048		-798.600823		399.400651
16291		7290		-798.265545		398.712541
16301		5883		-798.636157		399.444329
16311		33229		-789.037092		370.191772
16321		6355		-798.508180		399.219656
16331		6012		-798.615149		399.431511
16341		7077		-798.302919		398.742549
16351		6897		-798.371720		398.922268
16361		11315		-796.862783		393.564941
16371		7554		-798.212449		398.566367
16381		5996		-798.615713		399.458397
16391		6497		-798.504789		399.126228
16401		6669		-798.442290		398.869947
16411		6511		-798.439583		399.042593
16421		6618		-798.483893		399.231107
16431		6575		-798.483598		399.150873
16441		18138		-794.349735		385.162946
16451		21531		-793.254149		382.473163
16461		6103		-798.525970		399.177936
16471		6993		-798.401311		398.861150
16481		6339		-798.496693		399.263394
16491		6702		-798.427748		398.974592
16501		7432		-798.146294		398.300951
16511		6648		-798.450730		399.091878
16521		18670		-794.289934		384.693905
16531		6057		-798.616418		399.433428
16541		14795		-795.597364		390.500453
16551		8664		-798.044589		398.150565
16561		9258		-797.449671		396.456736
16571		10790		-796.999819		394.329129
16581		7470		-798.289850		398.666425
16591		28552		-791.255982		377.368212
16601		6316		-798.555750		399.292332
16611		7184		-798.345434		398.885678
16621		5701		-798.643403		399.545154
16631		10756		-797.149420		395.155072
16641		14332		-795.845923		390.328706
16651		19695		-794.074110		386.033271
16661		7268		-798.310786		398.448112
16671		6701		-798.449043		398.960350
16681		6054		-798.592171		399.473293
16691		6714		-798.451621		399.068121
16701		15510		-795.575115		389.978085
16711		6293		-798.577225		399.381844
16721		5673		-798.706776		399.551941
16731		6273		-798.558604		399.314446
16741		27111		-791.536945		377.078789
16751		5940		-798.653692		399.482897
16761		6039		-798.647336		399.413519
16771		9283		-797.582732		396.890704
16781		6725		-798.494965		399.134140
16791		7304		-798.288131		398.635579
16801		28935		-790.721029		374.367835
16811		5882		-798.650883		399.505086
16821		11080		-796.901017		394.754890
16831		8559		-797.814984		396.980809
16841		51727		-783.702630		350.422540
16851		7247		-798.286630		398.642336
16861		5904		-798.646581		399.529447
16871		6247		-798.578152		399.456701
16881		5971		-798.627569		399.504769
16891		12652		-796.437393		393.272157
16901		19537		-794.143305		385.034968
16911		7122		-798.371238		398.895157
16921		6314		-798.546894		399.260564
16931		6229		-798.573032		399.295966
16941		5785		-798.703736		399.520335
16951		6990		-798.469235		398.988260
16961		27695		-791.414185		376.917752
16971		6677		-798.533498		399.191209
16981		5655		-798.742124		399.589659
16991		11278		-796.948502		395.723854
17001		7246		-798.372096		398.805717
17011		6622		-798.459585		399.173241
17021		5978		-798.644968		399.400858
17031		13356		-796.294991		394.002818
17041		5660		-798.728478		399.583827
17051		22988		-792.931793		382.714797
17061		11950		-796.544868		393.118340
17071		11084		-796.990452		394.521235
17081		6656		-798.530063		399.252269
17091		68318		-777.610672		332.113159
17101		16316		-795.385065		389.385065
17111		41455		-787.056981		361.400386
17121		23914		-792.884761		380.106069
17131		6393		-798.547896		399.195260
17141		19996		-794.313984		386.532291
17151		18676		-794.393796		387.624978
17161		6258		-798.627353		399.405746
17171		7345		-798.396832		398.924233
17181		7273		-798.357255		398.874571
17191		6086		-798.600663		399.441103
17201		62666		-780.292309		342.181385
17211		6466		-798.470978		399.260241
17221		6306		-798.571976		399.351025
17231		9670		-797.472462		396.116650
17241		6571		-798.515167		399.260948
17251		10397		-797.184395		395.853342
17261		6110		-798.679103		399.474538
17271		17565		-795.073128		390.411441
17281		6473		-798.550084		399.387535
17291		7051		-798.427621		398.836505
17301		6465		-798.581354		399.370441
17311		6562		-798.528566		399.261857
17321		6717		-798.481843		399.115294
17331		17119		-795.245283		388.584848
17341		6216		-798.654518		399.518136
17351		14210		-796.101896		391.645669
17361		5995		-798.645931		399.442544
17371		6403		-798.583847		399.394738
17381		18146		-794.604453		386.868995
17391		7652		-798.335921		398.848485
17401		6385		-798.580541		399.246365
17411		17531		-794.778473		388.089484
17421		7540		-798.319040		398.722806
17431		6964		-798.445528		398.994894
17441		6653		-798.538387		399.251648
17451		6474		-798.590109		399.441064
17461		5769		-798.722639		399.550656
17471		8080		-797.947914		397.361800
17481		10309		-797.297409		395.123277
17491		29430		-791.267738		377.514264
17501		32177		-790.204445		371.854408
17511		7310		-798.337274		398.814574
17521		6995		-798.488899		399.155071
17531		7120		-798.448691		399.007701
17541		7977		-798.189613		398.618551
17551		5923		-798.704347		399.546579
17561		6557		-798.570924		399.361084
17571		6801		-798.519151		399.301690
17581		7070		-798.445595		399.024970
17591		6168		-798.705247		399.467910
17601		7069		-798.444407		399.016306
17611		14645		-795.873261		392.214411
17621		6840		-798.507917		399.115147
17631		9858		-797.427259		396.908854
17641		7426		-798.377870		398.913214
17651		6286		-798.587502		399.348479
17661		27807		-791.824019		379.036748
17671		7228		-798.403486		398.798370
17681		6124		-798.649171		399.521520
17691		7691		-798.319145		398.800294
17701		24936		-792.481329		381.839105
17711		60332		-781.432782		349.955960
17721		10687		-797.268326		396.176739
17731		54693		-782.829395		348.411934
17741		14901		-795.802491		391.125190
17751		7000		-798.506225		399.176610
17761		32144		-790.461348		375.010754
17771		6634		-798.579033		399.314164
17781		22548		-793.493279		383.376750
17791		6586		-798.583553		399.214547
17801		7022		-798.482557		398.981855
17811		17051		-795.201168		389.252260
17821		45658		-785.839178		356.230627
17831		6129		-798.675116		399.531939
17841		8094		-798.203240		398.241803
17851		6662		-798.551566		399.364293
17861		6729		-798.617771		399.330945
17871		7203		-798.292877		398.952605
17881		8002		-798.090935		398.644819
17891		8656		-798.068750		398.205802
17901		6706		-798.528127		399.134462
17911		6923		-798.520686		399.215231
17921		42504		-787.133977		363.181519
17931		7513		-798.355697		398.837432
17941		17104		-795.282537		389.762778
17951		23368		-793.164503		381.548994
17961		6747		-798.539280		399.115751
17971		6453		-798.599744		399.482166
17981		7135		-798.487515		398.900284
17991		8311		-798.195765		398.314379
18001		17190		-795.311816		390.613299
18011		11581		-796.996502		394.867914
18021		6391		-798.635370		399.381943
18031		6549		-798.571793		399.474239
18041		6512		-798.623801		399.430963
18051		6768		-798.556534		399.249349
18061		21772		-793.486961		384.239411
18071		7517		-798.360910		398.693708
18081		61242		-781.532216		344.550191
18091		6312		-798.661213		399.516776
18101		6763		-798.589470		399.242031
18111		6598		-798.577439		399.184253
18121		11109		-797.093096		395.282380
18131		6562		-798.588274		399.285533
18141		6645		-798.624773		399.463315
18151		6851		-798.579252		399.275191
18161		6377		-798.655140		399.471064
18171		15271		-796.010786		391.359089
18181		14566		-796.300094		392.926792
18191		6893		-798.565005		399.285691
18201		6002		-798.760727		399.639141
18211		6724		-798.592279		399.405634
18221		7193		-798.462653		399.052632
18231		8506		-798.013494		398.136800
18241		7927		-798.322899		398.816732
18251		6914		-798.535751		399.389842
18261		5941		-798.763923		399.598270
18271		6761		-798.554649		399.303377
18281		7277		-798.427220		399.103331
18291		8047		-798.205238		398.798972
18301		7188		-798.496038		399.084203
18311		6385		-798.679919		399.529463
18321		17788		-795.179957		388.516457
18331		16122		-795.687960		391.233648
18341		9827		-797.701979		397.189575
18351		9514		-797.779086		397.905945
18361		7264		-798.463482		399.221720
18371		6976		-798.523978		399.204834
18381		7177		-798.477776		398.888309
18391		7144		-798.519493		399.222881
18401		16043		-795.628064		390.822347
18411		13817		-796.235077		391.946011
18421		7091		-798.490201		399.175941
18431		25566		-792.893495		382.369703
18441		6477		-798.598341		399.505992
18451		21885		-793.930735		384.760284
18461		7812		-798.335951		398.667028
18471		6987		-798.506199		399.307347
18481		57824		-782.751366		347.465722
18491		6742		-798.575523		399.270131
18501		5964		-798.762445		399.650397
18511		15141		-796.087516		391.867970
18521		14750		-796.071918		391.735327
18531		11252		-797.399601		396.698829
18541		7009		-798.535138		399.228197
18551		6597		-798.610749		399.357124
18561		7444		-798.459566		399.129142
18571		6691		-798.592860		399.281568
18581		33346		-790.322157		374.301598
18591		13893		-797.195202		396.361250
18601		7343		-798.465889		399.094672
18611		6728		-798.603192		399.453334
18621		6175		-798.753021		399.637828
18631		6396		-798.660727		399.521872
18641		6781		-798.620675		399.441875
18651		7751		-798.386789		398.849284
18661		6458		-798.674240		399.550614
18671		7977		-798.365594		398.724975
18681		11480		-797.287511		395.790803
18691		7318		-798.506019		399.215237
18701		18950		-794.858885		387.139618
18711		7785		-798.381487		398.964994
18721		6769		-798.579349		399.298221
18731		56756		-783.525065		353.364049
18741		6062		-798.764207		399.583694
18751		7640		-798.397739		398.882940
18761		6848		-798.571292		399.361015
18771		7127		-798.569495		399.205263
18781		43082		-787.699697		366.827113
18791		7755		-798.416263		399.020276
18801		28180		-792.448912		379.320781
18811		36242		-789.418957		371.594386
18821		6423		-798.689761		399.527336
18831		6829		-798.581063		399.256651
18841		6960		-798.586487		399.336235
18851		28658		-792.122434		379.252241
18861		20262		-794.564869		385.968400
18871		6514		-798.668221		399.475386
18881		6522		-798.694349		399.394630
18891		6370		-798.688476		399.511090
18901		20877		-794.517115		386.769483
18911		7001		-798.531437		399.285918
18921		35749		-789.958247		375.854870
18931		7451		-798.403043		399.173102
18941		8108		-798.324904		398.720976
18951		7049		-798.572740		399.323519
18961		6600		-798.666737		399.397184
18971		10639		-797.625007		396.734384
18981		6251		-798.749065		399.635425
18991		7146		-798.575957		399.262072
19001		18524		-795.114362		388.574180
19011		25648		-793.206880		380.800800
19021		7234		-798.516797		399.265654
19031		7774		-798.425306		398.826336
19041		7387		-798.518985		399.182816
19051		6558		-798.662747		399.506168
19061		8135		-798.224437		398.460836
19071		7456		-798.499712		399.257197
19081		6650		-798.644515		399.492270
19091		26824		-792.665654		381.767534
19101		10962		-797.434689		395.710172
19111		7650		-798.470828		398.998483
19121		7182		-798.556142		399.205899
19131		21250		-794.155454		384.199153
19141		7611		-798.466956		399.067447
19151		14043		-796.548065		393.804814
19161		7497		-798.479411		399.016231
19171		7359		-798.521517		399.213813
19181		46770		-786.646786		363.226526
19191		7157		-798.551404		399.351363
19201		6912		-798.642571		399.446175
19211		7821		-798.460465		398.982146
19221		12314		-796.922741		395.449768
19231		6670		-798.699392		399.586293
19241		10646		-797.648771		396.929474
19251		13587		-796.780011		394.592073
19261		7306		-798.566430		399.336691
19271		8866		-798.039126		397.936277
19281		6790		-798.634511		399.385094
19291		6822		-798.648074		399.461096
19301		7573		-798.471375		398.958085
19311		7383		-798.534100		399.187095
19321		19131		-795.125511		388.052068
19331		6929		-798.663701		399.405514
19341		9278		-798.025128		398.146218
19351		6876		-798.619193		399.397447
19361		6904		-798.620732		399.452818
19371		11982		-797.187961		394.925507
19381		21731		-794.357567		385.635829
19391		6626		-798.683926		399.532567
19401		7423		-798.513891		399.166950
19411		7074		-798.616042		399.328525
19421		6558		-798.681839		399.573863
19431		51069		-785.688230		355.628943
19441		6824		-798.639782		399.508976
19451		7049		-798.567889		399.388823
19461		21861		-794.394122		386.870459
19471		6289		-798.749114		399.645935
19481		8166		-798.306658		398.666085
19491		23911		-793.582884		385.213073
19501		9893		-797.831291		396.940157
19511		7095		-798.556712		399.263390
19521		11429		-797.376774		395.931458
19531		6846		-798.665097		399.518099
19541		6944		-798.629958		399.493578
19551		6395		-798.740525		399.617820
19561		15304		-796.239252		392.518583
19571		17427		-795.773338		391.356292
19581		36503		-789.995199		369.932179
19591		6864		-798.616508		399.430963
19601		30665		-791.781440		377.433396
19611		9251		-797.914028		398.012238
19621		8945		-798.144437		398.240661
19631		7399		-798.540064		399.232031
19641		7714		-798.469528		399.028461
19651		7238		-798.575950		399.286347
19661		8195		-798.376278		398.760287
19671		7431		-798.550963		399.286361
19681		7155		-798.619786		399.365378
19691		7390		-798.572749		399.298360
19701		6993		-798.647175		399.317598
19711		6974		-798.630409		399.451677
19721		10878		-797.890776		397.712895
19731		7420		-798.563073		399.308905
19741		6860		-798.700370		399.532243
19751		40004		-789.042175		368.433396
19761		6681		-798.710794		399.535449
19771		7373		-798.582368		399.273481
19781		6832		-798.681563		399.401749
19791		8765		-798.177353		398.548532
19801		6547		-798.746124		399.589920
19811		7708		-798.513553		399.287870
19821		11368		-797.397911		395.595782
19831		6787		-798.741365		399.530836
19841		29778		-792.035482		378.672244
19851		7049		-798.675331		399.404866
19861		8419		-798.325160		398.661195
19871		6943		-798.672035		399.495345
19881		19903		-794.943112		387.361602
19891		7698		-798.482530		399.147856
19901		7530		-798.520074		399.171599
19911		11147		-797.484004		396.506655
19921		8036		-798.461121		398.980071
19931		10577		-797.719733		397.151573
19941		6777		-798.648613		399.511960
19951		7390		-798.509749		399.231718
19961		7149		-798.675217		399.398227
19971		21992		-794.470983		384.964398
19981		6941		-798.644312		399.479305
19991		7346		-798.581762		399.332700
20001		7525		-798.598270		399.123844
20011		7580		-798.555195		399.204238
20021		39473		-789.461066		370.654812
20031		6913		-798.650292		399.526234
20041		7098		-798.635397		399.374482
20051		68056		-781.608498		345.126627
20061		7998		-798.476048		399.117890
20071		8181		-798.409646		398.859748
20081		10211		-798.071809		398.114237
20091		15479		-796.211239		392.470360
20101		21701		-794.523059		386.768718
20111		7068		-798.633584		399.402814
20121		15494		-796.329208		392.239352
20131		7545		-798.513934		399.326809
20141		7729		-798.506330		399.281565
20151		7423		-798.587663		399.249268
20161		10285		-797.828481		396.741035
20171		7929		-798.484359		399.183283
20181		6625		-798.718002		399.591101
20191		6828		-798.699222		399.556139
20201		7390		-798.583634		399.480224
20211		7685		-798.516254		399.137994
20221		29963		-792.233619		380.123832
20231		22632		-794.425584		387.654787
20241		32401		-791.520379		377.147275
20251		38730		-789.786973		371.361809
20261		39348		-789.542668		370.528503
20271		7004		-798.648513		399.399931
20281		7533		-798.584291		399.291258
20291		6845		-798.697551		399.566902
20301		13045		-797.539826		397.182897
20311		21504		-794.703560		388.170253
20321		7152		-798.618572		399.357217
20331		8168		-798.437263		398.927647
20341		6834		-798.703899		399.510938
20351		7523		-798.580315		399.336052
20361		6959		-798.686509		399.509651
20371		7405		-798.583477		399.386972
20381		14777		-796.550905		393.117708
20391		7536		-798.609190		399.197783
20401		7649		-798.590265		399.158669
20411		7478		-798.548822		399.287051
20421		7409		-798.617306		399.414230
20431		28181		-792.854388		380.546425
20441		13293		-796.900543		394.269361
20451		7558		-798.536404		399.254706
20461		74546		-780.330971		339.671473
20471		15856		-796.146744		392.004885
20481		7216		-798.654753		399.459987
20491		7524		-798.546679		399.274901
20501		21950		-794.514024		387.463538
20511		17424		-796.796256		395.424991
20521		7276		-798.616442		399.439306
20531		6488		-798.783303		399.616969
20541		6872		-798.713792		399.577820
20551		20700		-794.811347		387.321590
20561		23809		-794.099314		385.320267
20571		7586		-798.535414		399.322930
20581		7970		-798.462271		399.057675
20591		7912		-798.578020		399.173620
20601		27628		-793.229067		381.143828
20611		7256		-798.615885		399.473873
20621		19826		-795.258620		389.479463
20631		7661		-798.548980		399.175513
20641		7720		-798.570224		399.384429
20651		7048		-798.641422		399.519926
20661		8655		-798.375490		398.803737
20671		8316		-798.473030		398.953123
20681		12506		-797.230695		395.071225
20691		7144		-798.681939		399.465468
20701		8299		-798.459205		399.051833
20711		46948		-787.836995		363.506349
20721		14936		-796.580667		395.042710
20731		38957		-790.049877		371.496889
20741		20242		-795.080469		389.463478
20751		7306		-798.620018		399.365525
20761		7561		-798.634941		399.351862
20771		6552		-798.781956		399.660873
20781		6980		-798.700351		399.493768
20791		7293		-798.661921		399.530085
20801		7200		-798.652180		399.512043
20811		7046		-798.734900		399.520158
20821		21599		-794.879593		388.218241
20831		8257		-798.470357		399.049398
20841		7606		-798.562641		399.289286
20851		16872		-796.146564		391.346602
20861		7968		-798.543502		399.118355
20871		7390		-798.612237		399.411432
20881		7830		-798.609645		399.300800
20891		8175		-798.440668		399.091571
20901		7020		-798.741496		399.509401
20911		7658		-798.577399		399.360815
20921		16659		-796.102481		392.355815
20931		7708		-798.584683		399.322823
20941		7241		-798.700349		399.564491
20951		19536		-795.275452		389.012649
20961		6996		-798.733648		399.600496
20971		7438		-798.621716		399.389347
20981		8061		-798.466422		399.232639
20991		13419		-797.041589		395.256920
21001		7710		-798.560069		399.316604
21011		7107		-798.663938		399.549950
21021		21406		-794.830122		387.333428
21031		8061		-798.542342		399.159241
21041		7302		-798.637517		399.481108
21051		8324		-798.449480		399.070448
21061		7907		-798.571008		399.373914
21071		31138		-792.350244		380.314176
21081		12492		-797.253451		395.861866
21091		7281		-798.688730		399.472666
21101		7274		-798.667551		399.532818
21111		8793		-798.385297		398.876415
21121		8002		-798.547607		399.310449
21131		7826		-798.605083		399.218116
21141		7584		-798.638853		399.404759
21151		8021		-798.530188		399.129592
21161		7606		-798.608194		399.292945
21171		7188		-798.668178		399.523027
21181		29866		-792.694207		380.925924
21191		34404		-791.513378		377.786608
21201		7944		-798.579312		399.260129
21211		8326		-798.524539		399.019660
21221		8025		-798.482258		399.226521
21231		23411		-794.490886		386.037116
21241		8153		-798.524363		399.190245
21251		7917		-798.528822		399.146487
21261		8744		-798.439020		398.892526
21271		17554		-795.936439		390.932913
21281		12170		-797.376439		396.369062
21291		8172		-798.538162		399.171293
21301		8496		-798.438195		398.825971
21311		7485		-798.657970		399.518840
21321		7496		-798.688804		399.434923
21331		7588		-798.653603		399.503258
21341		16738		-796.348062		392.995267
21351		21031		-795.011381		388.158400
21361		16442		-796.293432		393.061748
21371		8178		-798.516120		399.180197
21381		19035		-795.649034		390.203077
21391		11223		-797.592445		396.571642
21401		7983		-798.554086		399.269567
21411		7467		-798.686283		399.480267
21421		26243		-793.601793		383.388917
21431		8421		-798.481825		399.195465
21441		8284		-798.498951		399.158341
21451		8223		-798.521468		399.160785
21461		8089		-798.517310		399.271609
21471		7745		-798.580411		399.420148
21481		8218		-798.530050		399.325450
21491		7708		-798.608906		399.342609
21501		7625		-798.628715		399.282638
21511		7791		-798.602947		399.273395
21521		8119		-798.544677		399.156266
21531		37146		-790.915610		376.855232
21541		21841		-795.193167		387.863795
21551		18867		-795.638439		391.345181
21561		7351		-798.717128		399.540003
21571		8221		-798.516712		399.203560
21581		7692		-798.591910		399.330430
21591		9817		-798.292251		398.668334
21601		9274		-798.362298		398.826814
21611		8342		-798.491694		399.197353
21621		8654		-798.403219		398.911799
21631		7468		-798.730895		399.577921
21641		7673		-798.655885		399.469525
21651		8196		-798.542515		399.225255
21661		7497		-798.686303		399.445547
21671		7633		-798.640764		399.521296
21681		8131		-798.532356		399.105484
21691		7682		-798.639620		399.373196
21701		8270		-798.527072		399.115893
21711		7317		-798.681222		399.572383
21721		7790		-798.618296		399.362552
21731		22613		-794.637154		387.679168
21741		8010		-798.568051		399.320730
21751		15505		-796.543423		393.063767
21761		8193		-798.539589		399.138826
21771		7680		-798.661155		399.378807
21781		43698		-789.293605		372.059685
21791		7875		-798.579230		399.324859
21801		8070		-798.522637		399.325902
21811		69961		-782.514878		349.094127
21821		7900		-798.621145		399.305165
21831		7080		-798.777152		399.626128
21841		8263		-798.502999		399.141798
21851		32401		-792.085305		379.118393
21861		7297		-798.711678		399.452450
21871		7561		-798.680444		399.535275
21881		19916		-795.309538		389.448563
21891		13835		-797.142570		395.060162
21901		25520		-794.111684		385.527967
21911		7326		-798.704030		399.510383
21921		8639		-798.489485		399.159527
21931		17521		-796.111988		393.174502
21941		17021		-796.252313		393.345609
21951		10073		-798.271605		398.735547
21961		12104		-797.427622		396.089796
21971		7246		-798.751809		399.633517
21981		37548		-790.880306		374.989855
21991		7541		-798.688554		399.526352
22001		7675		-798.627881		399.454388
22011		27272		-793.589751		386.002272
22021		57421		-786.039871		360.649743
22031		9059		-798.332895		398.536971
22041		12823		-797.402296		395.554830
22051		8555		-798.495851		398.994331
22061		7790		-798.685100		399.437378
22071		13661		-797.066377		395.031761
22081		16863		-796.362121		393.450568
22091		8904		-798.405142		398.926169
22101		7855		-798.659065		399.463644
22111		7962		-798.612817		399.353354
22121		8294		-798.559016		399.228516
22131		8174		-798.564367		399.222087
22141		8369		-798.546226		399.142315
22151		7248		-798.737574		399.574647
22161		7709		-798.706918		399.502550
22171		7284		-798.741419		399.599296
22181		13743		-797.256210		395.686038
22191		7774		-798.642513		399.464377
22201		8423		-798.562587		399.128778
22211		14086		-797.121066		395.588672
22221		39986		-790.464876		374.350659
22231		8464		-798.537538		399.249067
22241		7315		-798.702217		399.564318
22251		7902		-798.589547		399.453238
22261		11750		-797.653295		396.642379
22271		7204		-798.755152		399.629653
22281		13505		-797.307841		395.274629
22291		14664		-797.072540		394.732403
22301		12504		-797.421820		395.609166
22311		16015		-796.568688		393.146789
22321		7921		-798.624434		399.468931
22331		7486		-798.729837		399.552282
22341		20534		-795.423302		390.415201
22351		27076		-793.873384		385.204420
22361		9133		-798.394705		398.888780
22371		9028		-798.421885		398.918779
22381		7991		-798.619901		399.381172
22391		9263		-798.438480		398.805324
22401		8014		-798.636668		399.345297
22411		8409		-798.541252		399.247423
22421		17761		-796.183756		392.026761
22431		7180		-798.786857		399.625697
22441		36359		-791.069382		376.088944
22451		7609		-798.678544		399.545143
22461		8702		-798.482169		399.039313
22471		7821		-798.668506		399.483957
22481		7755		-798.641875		399.490147
22491		19248		-795.792984		392.265440
22501		7802		-798.642727		399.467935
22511		25707		-794.098352		387.187242
22521		16744		-796.444563		392.724657
22531		8871		-798.359238		398.776619
22541		8059		-798.607160		399.415643
22551		11746		-797.710789		397.253603
22561		8493		-798.568680		399.166970
22571		12990		-797.474990		396.481946
22581		23966		-794.632833		386.239759
22591		21073		-795.434819		390.297109
22601		7970		-798.671740		399.470820
22611		7330		-798.761311		399.606386
22621		16077		-796.583175		393.809557
22631		8230		-798.605099		399.377579
22641		27619		-793.673248		383.937282
22651		7952		-798.640590		399.401881
22661		11505		-797.714840		396.530515
22671		7522		-798.706541		399.586256
22681		8165		-798.611525		399.221992
22691		12989		-797.496452		395.924640
22701		8696		-798.535219		399.182679
22711		16846		-796.371274		392.509533
22721		8685		-798.471018		399.201180
22731		8575		-798.513396		399.187717
22741		8425		-798.577019		399.294842
22751		7552		-798.728144		399.556767
22761		8422		-798.587584		399.297746
22771		7806		-798.660577		399.428132
22781		8805		-798.511391		399.031913
22791		8055		-798.621035		399.394147
22801		8586		-798.558835		399.141266
22811		12102		-797.961159		397.938889
22821		7990		-798.618641		399.446913
22831		33134		-792.503351		380.167404
22841		46193		-789.299943		369.426470
22851		8002		-798.660715		399.461205
22861		10785		-798.032282		397.732295
22871		16604		-796.473963		392.699926
22881		8200		-798.614396		399.430182
22891		7983		-798.666550		399.405531
22901		13084		-797.347190		395.314091
22911		8004		-798.647986		399.470647
22921		53965		-787.312770		360.597356
22931		9685		-798.343378		398.904104
22941		8921		-798.483414		398.977725
22951		7522		-798.681539		399.597403
22961		8753		-798.532294		399.296808
22971		31080		-792.802055		381.938270
22981		8438		-798.597102		399.336582
22991		11546		-797.713192		396.960115
23001		12360		-797.685144		397.288466
23011		8127		-798.631089		399.430359
23021		8514		-798.578342		399.325485
23031		8937		-798.484651		399.159394
23041		8958		-798.510655		399.068443
23051		8533		-798.570995		399.301549
23061		8004		-798.638047		399.359698
23071		8277		-798.642452		399.408088
23081		12158		-797.646722		396.404922
23091		7913		-798.666840		399.535144
23101		22304		-795.041427		389.252240
23111		8074		-798.660378		399.304574
23121		8424		-798.601964		399.280654
23131		37955		-791.102330		376.403095
23141		8918		-798.543710		399.181021
23151		27172		-793.920781		384.525679
23161		8798		-798.528043		399.098485
23171		7945		-798.683182		399.530706
23181		7829		-798.690824		399.568785
23191		9183		-798.479755		399.011427
23201		8017		-798.679712		399.446576
23211		19107		-795.945371		391.855586
23221		8403		-798.616597		399.410878
23231		11812		-797.795360		396.751324
23241		12032		-797.701132		397.394604
23251		23403		-794.865597		386.258397
23261		12100		-797.657366		396.530244
23271		9493		-798.384599		398.842078
23281		13624		-797.377948		396.038572
23291		8663		-798.580396		399.247091
23301		8632		-798.560405		399.262435
23311		7493		-798.748402		399.607396
23321		23918		-794.995069		388.550234
23331		17113		-796.545197		392.082208
23341		8129		-798.634506		399.460863
23351		8173		-798.655818		399.449531
23361		13046		-797.497196		395.577843
23371		18197		-796.279492		392.980959
23381		8555		-798.590308		399.353150
23391		7999		-798.683938		399.546834
23401		16256		-796.746122		393.625999
23411		8714		-798.581522		399.189783
23421		8406		-798.602622		399.295419
23431		7955		-798.717084		399.473689
23441		8072		-798.683503		399.503861
23451		7697		-798.723295		399.524796
23461		15649		-796.871404		393.431482
23471		61047		-785.846023		359.615952
23481		8414		-798.619991		399.415357
23491		7830		-798.702822		399.517773
23501		19718		-795.862134		392.201779
23511		7637		-798.736251		399.631577
23521		20493		-795.585052		392.006292
23531		7758		-798.696358		399.492074
23541		15383		-796.921796		394.812625
23551		8264		-798.659590		399.402064
23561		17226		-796.440219		392.393871
23571		24234		-794.813966		387.980060
23581		8668		-798.577838		399.330902
23591		8210		-798.656437		399.473443
23601		7744		-798.734799		399.611627
23611		8355		-798.655711		399.468383
23621		8531		-798.570933		399.358198
23631		9506		-798.483687		398.990140
23641		7678		-798.749122		399.601963
23651		8219		-798.656463		399.463617
23661		12646		-797.621909		396.231013
23671		12897		-797.532677		396.828524
23681		27881		-793.979308		385.796546
23691		8465		-798.617703		399.343042
23701		8681		-798.568330		399.250496
23711		7527		-798.787904		399.641011
23721		9187		-798.543569		398.942119
23731		8403		-798.648687		399.461380
23741		9393		-798.486500		399.117308
23751		9384		-798.482927		398.908846
23761		7831		-798.723454		399.555827
23771		8458		-798.591561		399.438475
23781		37023		-791.924141		378.504268
23791		8254		-798.649237		399.426674
23801		11920		-797.691526		397.289274
23811		10229		-798.175633		397.715426
23821		8180		-798.671256		399.428320
23831		11272		-798.216944		398.529478
23841		13314		-797.532989		396.346462
23851		16777		-796.717622		394.193954
23861		8348		-798.642974		399.409916
23871		8765		-798.583721		399.314901
23881		8085		-798.667560		399.455802
23891		8248		-798.680507		399.501988
23901		8660		-798.640392		399.342120
23911		8005		-798.722596		399.565305
23921		8150		-798.684002		399.508298
23931		7694		-798.739710		399.597760
23941		8705		-798.558957		399.220667
23951		8615		-798.609661		399.339485
23961		54554		-787.666458		363.149117
23971		13043		-797.581578		396.350340
23981		8493		-798.595888		399.388933
23991		44994		-789.982910		370.736693
24001		35673		-792.335319		378.682888
24011		23028		-795.033276		387.362542
24021		9807		-798.424545		398.791724
24031		9151		-798.540052		399.101910
24041		7898		-798.726176		399.573895
24051		8677		-798.582678		399.262733
24061		9106		-798.549354		399.243423
24071		8250		-798.690042		399.500478
24081		12852		-797.624849		396.196337
24091		38891		-791.297663		377.066041
24101		43394		-790.628273		373.120617
24111		8092		-798.736179		399.509518
24121		8097		-798.714481		399.496704
24131		9865		-798.358294		398.844640
24141		26455		-794.526656		386.263949
24151		8029		-798.720881		399.534346
24161		8130		-798.713629		399.554903
24171		8237		-798.656241		399.537628
24181		8238		-798.668707		399.425582
24191		9030		-798.532347		399.189947
24201		12237		-797.829511		397.365811
24211		9015		-798.557680		399.313535
24221		8417		-798.685108		399.398869
24231		8982		-798.586769		399.289918
24241		9492		-798.479271		399.096819
24251		28639		-793.800008		384.692013
24261		8617		-798.633362		399.396480
24271		8104		-798.752915		399.547526
24281		8064		-798.729871		399.562292
24291		9062		-798.545964		399.181590
24301		9100		-798.581458		399.130818
24311		8181		-798.691621		399.494961
24321		8794		-798.612064		399.180790
24331		46056		-789.856562		369.927582
24341		8492		-798.623721		399.481533
24351		8968		-798.566630		399.158885
24361		8991		-798.601699		399.230738
24371		8556		-798.689262		399.442534
24381		8697		-798.575940		399.236865
24391		9437		-798.498791		399.082120
24401		9428		-798.498914		399.180443
24411		8344		-798.695834		399.488345
24421		8243		-798.670489		399.393964
24431		66380		-785.267897		357.248987
24441		7819		-798.750297		399.630621
24451		8164		-798.720870		399.577195
24461		8764		-798.625894		399.313601
24471		7964		-798.721425		399.618405
24481		20118		-796.004738		391.889547
24491		8834		-798.603079		399.299661
24501		8140		-798.734582		399.564589
24511		10409		-798.295786		398.936722
24521		8636		-798.587823		399.393989
24531		17308		-796.570380		392.680038
24541		18258		-796.355813		391.230268
24551		8730		-798.630280		399.442955
24561		8042		-798.709336		399.553357
24571		18282		-796.427496		393.282487
24581		8937		-798.631789		399.395224
24591		8912		-798.588915		399.377415
24601		47830		-789.536035		370.598756
24611		9322		-798.533176		399.200195
24621		11023		-798.106819		398.196418
24631		8116		-798.732654		399.572490
24641		18974		-796.116554		391.592224
24651		24941		-795.017322		390.304896
24661		9291		-798.515389		399.173351
24671		9403		-798.499615		399.111913
24681		19375		-796.245533		391.301244
24691		24713		-794.758738		385.785590
24701		8754		-798.612688		399.380511
24711		10273		-798.382421		398.896281
24721		25848		-794.711541		385.368958
24731		8621		-798.673406		399.430512
24741		8864		-798.635302		399.393234
24751		9089		-798.568139		399.342006
24761		8413		-798.692137		399.501878
24771		15442		-797.132292		396.071616
24781		8529		-798.670594		399.386062
24791		8749		-798.617563		399.370417
24801		19241		-796.197089		392.597234
24811		28832		-793.918826		386.958043
24821		8412		-798.674187		399.400024
24831		8345		-798.687608		399.475736
24841		8540		-798.651745		399.499859
24851		8499		-798.679329		399.486862
24861		8741		-798.632557		399.468404
24871		8643		-798.634876		399.385952
24881		9023		-798.578835		399.185804
24891		26109		-794.647704		386.867382
24901		11352		-798.040882		397.860809
24911		8465		-798.645578		399.510257
24921		30080		-793.980498		384.692428
24931		16326		-796.939874		394.747664
24941		9321		-798.559320		399.279820
24951		22039		-795.564106		389.908220
24961		24169		-795.049397		387.772285
24971		8787		-798.646590		399.462416
24981		8896		-798.599896		399.314359
24991		8694		-798.663839		399.497739
