n 		 spin_accpt		Ecalc		 Mabs_calc
1		15		-748.000000		386.000000
11		675		-611.272727		330.000000
21		1674		-570.666667		302.380952
31		2796		-541.419355		279.870968
41		3419		-553.853659		278.146341
51		4707		-536.549020		265.176471
61		4618		-586.754098		316.688525
71		6187		-547.380282		268.704225
81		6631		-563.456790		300.148148
91		6889		-577.450549		308.241758
101		8843		-546.455446		271.663366
111		11833		-492.072072		161.567568
121		10423		-552.264463		282.198347
131		13021		-516.305344		241.328244
141		14892		-501.134752		225.531915
151		13667		-538.490066		263.205298
161		15646		-523.900621		237.416149
171		18471		-492.561404		162.327485
181		15790		-549.988950		273.922652
191		19082		-515.937173		230.921466
201		20561		-504.935323		211.980100
211		18845		-544.056872		272.436019
221		19275		-548.904977		285.140271
231		20184		-547.030303		277.307359
241		22836		-528.431535		238.340249
251		26713		-499.059761		199.219124
261		21814		-555.984674		291.862069
271		24641		-541.549815		266.583026
281		29863		-499.729537		196.064057
291		25697		-546.542955		282.969072
301		29920		-514.870432		242.000000
311		32919		-499.588424		188.090032
321		32396		-512.112150		225.769470
331		33640		-511.419940		223.166163
341		36650		-495.565982		185.466276
351		40681		-471.555556		146.193732
361		32104		-547.390582		279.861496
371		40606		-490.253369		159.320755
381		35220		-533.018373		253.501312
391		41272		-500.112532		205.892583
401		37912		-527.700748		248.733167
411		40716		-516.944039		232.720195
421		48649		-472.855107		138.579572
431		41997		-521.874710		217.921114
441		46800		-499.664399		195.292517
451		49494		-490.509978		169.751663
461		46157		-516.806941		234.763557
471		47339		-514.802548		222.484076
481		46439		-525.288981		236.316008
491		57706		-469.743381		137.352342
501		57107		-477.245509		145.321357
511		49180		-523.913894		250.317025
521		52947		-512.445298		213.186180
531		50290		-528.851224		252.629002
541		59008		-488.909427		181.689464
551		57195		-503.963702		175.771325
561		66382		-465.568627		111.155080
571		65875		-473.709282		123.422067
581		61220		-502.643718		180.843373
591		59825		-510.700508		210.670051
601		57476		-527.693844		246.053245
611		62813		-508.713584		225.849427
621		64366		-505.584541		202.180354
631		67155		-497.698891		175.277338
641		61357		-524.979719		235.101404
651		67758		-502.869432		216.995392
661		70314		-497.143722		197.951589
671		64631		-523.856930		250.411326
681		69901		-507.970631		210.173275
691		74319		-495.675832		181.186686
701		77748		-487.851641		153.252496
711		75514		-499.448664		186.171589
721		80894		-483.223301		159.339806
731		74689		-510.188782		207.255814
741		79870		-493.878543		181.257760
751		80996		-492.229028		205.568575
761		81581		-495.921156		161.337714
771		80346		-506.059663		201.346304
781		84937		-492.338028		181.708067
791		83774		-498.735777		194.548673
801		85115		-497.972534		182.102372
811		84899		-503.200986		184.510481
821		94366		-475.658952		136.265530
831		83848		-511.513839		202.259928
841		89449		-499.776457		192.040428
851		90996		-497.052879		189.062280
861		94315		-492.074332		161.584204
871		100643		-474.268657		123.664753
881		95660		-493.312145		176.855846
891		91363		-507.286195		209.699214
901		98377		-490.974473		165.704772
911		89110		-520.597146		237.031833
921		97923		-498.171553		176.660152
931		103502		-486.698174		169.220193
941		103986		-487.919235		170.582359
951		97849		-507.814932		223.764458
961		102768		-496.395421		179.456816
971		104429		-495.666323		189.009269
981		97168		-518.389399		221.645260
991		99771		-511.983855		225.338042
1001		106064		-498.905095		200.089910
1011		105113		-505.214639		205.305638
1021		107893		-502.033301		202.276200
1031		113003		-489.125121		170.539282
1041		118308		-477.679155		147.984630
1051		108447		-507.752617		220.890580
1061		110106		-503.034873		201.425071
1071		120725		-480.377218		137.449113
1081		118864		-489.228492		181.781684
1091		121771		-484.003666		154.240147
1101		118381		-495.418710		185.620345
1111		113025		-511.794779		218.385239
1121		118663		-500.206958		190.968778
1131		109737		-524.792219		224.544651
1141		117217		-508.659071		222.771253
1151		112822		-521.000869		220.967854
1161		119765		-507.776055		205.347115
1171		134043		-476.652434		136.136635
1181		121267		-506.875529		198.182896
1191		120176		-512.903442		226.030227
1201		136286		-480.985845		149.825146
1211		124968		-507.256813		197.473163
1221		136246		-484.668305		150.905815
1231		132689		-494.869212		182.240455
1241		131788		-498.887994		191.996777
1251		133243		-497.848122		182.729017
1261		128210		-510.309278		218.099921
1271		143141		-481.397325		159.752950
1281		144099		-482.298205		152.944575
1291		133703		-505.174284		213.950426
1301		135108		-505.684858		176.352037
1311		145770		-486.093059		161.601831
1321		141924		-494.216503		180.358819
1331		138484		-504.123216		193.813674
1341		146627		-489.297539		170.674124
1351		144177		-499.096965		185.825315
1361		135642		-515.265246		224.365907
1371		149259		-492.055434		178.256747
1381		152730		-488.136133		174.125996
1391		149140		-496.175413		187.578720
1401		154383		-487.186296		178.528194
1411		153649		-490.202693		173.262934
1421		150407		-500.517945		192.360310
1431		160846		-481.447939		134.723969
1441		164968		-476.771686		139.440666
1451		156305		-494.547209		175.392143
1461		146022		-515.066393		228.743326
1471		159152		-494.216179		185.098572
1481		155511		-502.968265		208.002701
1491		150465		-512.871898		214.740443
1501		156066		-504.378414		200.967355
1511		154434		-509.649239		211.275976
1521		163033		-495.190007		195.651545
1531		158562		-506.192031		211.072502
1541		162919		-500.238806		195.489942
1551		155270		-514.950355		222.074790
1561		158988		-510.208840		215.938501
1571		165686		-500.460853		191.553151
1581		170839		-494.269450		181.404175
1591		167583		-501.450660		204.905091
1601		168364		-503.282948		206.683323
1611		165136		-507.637492		213.008070
1621		166932		-507.901295		202.410857
1631		173642		-498.226855		192.555487
1641		171291		-504.738574		197.371115
1651		179316		-490.660206		177.602665
1661		165130		-517.004214		219.205298
1671		177571		-499.099940		188.434470
1681		173755		-506.055919		193.236169
1691		178031		-501.594323		188.005914
1701		183553		-494.788948		183.022928
1711		191688		-484.004676		152.845120
1721		187862		-491.651365		177.621150
1731		193831		-483.893703		157.404968
1741		187643		-494.915566		175.562321
1751		179940		-508.906910		214.812107
1761		194152		-488.261215		169.906871
1771		189908		-496.063241		189.523433
1781		189048		-499.847277		188.277372
1791		194461		-492.377443		182.528197
1801		194321		-494.969461		179.508051
1811		192522		-497.899503		181.379348
1821		186740		-507.859418		213.294893
1831		188113		-508.450027		213.333697
1841		184102		-514.670288		217.137425
1851		182900		-517.864938		229.665046
1861		203749		-489.842020		176.117141
1871		200325		-495.029396		184.286478
1881		198234		-499.834131		179.102605
1891		192086		-511.820201		216.877842
1901		204866		-494.346134		188.988953
1911		191706		-514.155939		224.724228
1921		206108		-496.699636		186.171786
1931		213902		-486.572760		154.193682
1941		215087		-487.192169		154.082432
1951		204931		-501.726294		199.174782
1961		216203		-488.167262		171.550229
1971		203308		-507.188229		200.289193
1981		217396		-489.314488		170.994447
1991		216875		-491.809141		184.043194
2001		208986		-503.254373		196.351824
2011		208809		-505.028344		207.001492
2021		211721		-501.723899		203.889164
2031		209451		-507.224028		211.061546
2041		226719		-485.793239		165.851053
2051		208939		-511.134081		221.397367
2061		210832		-509.950509		215.984474
2071		230082		-485.970063		172.886528
2081		217568		-502.971648		199.962518
2091		226888		-492.288857		173.296987
2101		238617		-478.600666		154.255117
2111		214117		-511.314069		222.106111
2121		238696		-483.256954		153.580387
2131		216007		-511.701549		220.750821
2141		227586		-499.788884		180.780009
2151		241109		-483.549977		154.069735
2161		224807		-504.664507		206.604350
2171		223720		-505.481345		214.971902
2181		231480		-498.672169		192.246676
2191		242670		-486.678229		160.989503
2201		248668		-480.499773		149.527488
2211		241686		-490.990502		163.519674
2221		238409		-496.010806		177.333633
2231		243366		-491.616316		171.688032
2241		238175		-497.547523		188.235609
2251		243853		-493.302532		171.929809
2261		238085		-500.550199		197.920389
2271		246656		-493.210040		180.753853
2281		253073		-487.351162		166.091188
2291		246528		-495.078132		184.454823
2301		254703		-486.574533		163.587136
2311		234498		-511.569018		221.028992
2321		244487		-500.432572		204.984059
2331		247732		-497.540970		195.074217
2341		250081		-497.498505		189.903460
2351		252219		-495.743088		177.977882
2361		260921		-487.972893		165.840745
2371		243599		-509.140447		216.386335
2381		255013		-496.206636		184.936581
2391		249404		-504.481807		198.348808
2401		249386		-506.065806		203.233653
2411		252679		-502.392368		201.192866
2421		253392		-504.327138		203.894259
2431		248250		-509.870835		210.849856
2441		261928		-495.446129		178.944695
2451		275670		-481.894737		147.498164
2461		261890		-498.977651		190.155221
2471		272148		-488.607042		172.825577
2481		274562		-487.405079		168.799678
2491		265445		-497.279807		187.118426
2501		263482		-500.780488		201.612955
2511		272132		-493.060932		169.648746
2521		272055		-494.197541		179.642205
2531		272820		-495.007507		170.731727
2541		278970		-489.216844		174.635970
2551		281123		-488.247746		167.018424
2561		275233		-495.258102		179.403358
2571		286034		-485.885648		157.281214
2581		285776		-486.493607		164.051143
2591		268841		-505.508298		195.106909
2601		281340		-493.284121		175.666282
2611		280948		-494.855611		181.982382
2621		273666		-503.771080		200.979016
2631		287093		-490.923603		177.413911
2641		297935		-480.699735		155.951534
2651		284294		-495.355715		186.608072
2661		282742		-498.570462		181.195039
2671		293468		-489.100711		171.023587
2681		296029		-487.786647		161.371130
2691		297781		-486.819770		155.371237
2701		291854		-494.009626		168.638282
2711		290345		-496.720030		183.042420
2721		292385		-495.485483		184.797501
2731		301178		-488.041011		165.089711
2741		302160		-487.496534		171.408975
2751		290822		-499.717921		197.997092
2761		311539		-480.969214		156.406375
2771		298885		-494.783111		184.119812
2781		297869		-495.611650		188.880978
2791		297152		-497.853099		195.663203
2801		301023		-494.991789		186.579793
2811		288971		-506.668090		213.085023
2821		305538		-493.563984		186.756469
2831		299265		-500.049452		190.802543
2841		307343		-494.725801		178.711721
2851		301850		-499.859698		192.338828
2861		319948		-484.234883		149.788885
2871		292630		-510.304424		213.586904
2881		304826		-500.424852		195.214162
2891		305752		-499.879626		191.836735
2901		306007		-501.136160		198.601172
2911		305447		-501.577465		200.032291
2921		309046		-499.761725		192.329339
2931		302180		-507.448652		209.865575
2941		317468		-494.396464		172.673240
2951		319435		-493.503219		188.122670
2961		313431		-499.827085		192.148598
2971		322780		-492.721643		173.830360
2981		316782		-497.991278		177.156659
2991		305178		-509.864259		214.054831
3001		317027		-501.199600		193.450850
3011		339799		-480.389239		150.873464
3021		334313		-487.164515		165.716650
3031		328986		-492.731112		175.681953
3041		329215		-493.321934		184.315686
3051		336500		-488.234677		159.096690
3061		326386		-497.075466		189.935315
3071		329925		-495.946597		173.878867
3081		326880		-499.070432		197.306069
3091		340985		-488.499515		168.991912
3101		332457		-496.259271		186.179297
3111		323380		-504.721311		200.280939
3121		321863		-506.506889		202.978533
3131		328405		-501.877994		205.552859
3141		341699		-492.000000		171.307227
3151		332326		-501.351952		197.841955
3161		334537		-499.315407		200.824423
3171		333418		-501.735730		196.071271
3181		344897		-492.789689		179.105313
3191		323732		-511.434660		214.167346
3201		346066		-494.427991		177.034677
3211		339711		-500.333852		191.349112
3221		340390		-500.122943		196.588016
3231		349245		-493.424946		178.401733
3241		349211		-494.441222		173.655662
3251		357413		-489.434635		164.861273
3261		343161		-501.010733		194.139221
3271		367894		-481.959034		150.062366
3281		357497		-491.502591		174.780250
3291		341624		-504.824066		203.967791
3301		363300		-488.605877		174.063011
3311		350520		-499.234068		194.306252
3321		341396		-508.676905		212.195724
3331		355167		-497.499850		188.552987
3341		362012		-493.188866		182.760850
3351		351269		-502.407640		195.050433
3361		366236		-491.291877		175.174650
3371		374219		-485.350341		160.487689
3381		372772		-487.486542		169.529133
3391		359389		-499.480979		189.598938
3401		365239		-495.501323		188.314613
3411		359238		-500.472589		197.561419
3421		355005		-505.760889		207.698918
3431		370695		-493.656660		177.604780
3441		373995		-492.703284		179.106655
3451		363640		-500.428861		190.708201
3461		365600		-500.826351		194.874892
3471		377549		-492.624604		175.306828
3481		388209		-484.868716		159.505315
3491		360690		-505.983386		204.787740
3501		375875		-496.351899		180.278206
3511		375753		-495.771005		192.785531
3521		384570		-491.041181		173.744391
3531		376942		-496.575474		185.958086
3541		383033		-493.229031		178.241740
3551		365539		-508.673613		213.002534
3561		383714		-495.491154		187.938781
3571		385694		-494.286194		184.542705
3581		378228		-500.884669		199.176208
3591		375306		-504.337510		197.644110
3601		381202		-500.026659		198.393224
3611		394669		-489.476599		176.807533
3621		398933		-489.093621		163.277548
3631		405295		-484.279813		158.256128
3641		391343		-495.624279		182.433947
3651		379263		-504.582854		201.613257
3661		384019		-502.087954		197.691887
3671		393837		-496.102424		188.409153
3681		387384		-501.582179		193.971747
3691		403372		-490.903278		176.180439
3701		396364		-496.104837		186.553904
3711		398051		-496.005389		183.311776
3721		392243		-501.292126		195.858103
3731		400820		-495.929241		186.939694
3741		415624		-485.573911		158.716921
3751		399470		-498.314050		185.342575
3761		404291		-495.468227		182.538687
3771		407030		-494.169186		178.807213
3781		407072		-494.780217		185.157366
3791		415130		-489.299921		173.020839
3801		414472		-490.751907		167.254407
3811		412645		-492.843873		182.594595
3821		411081		-494.744831		187.933002
3831		410660		-496.419734		185.188202
3841		415190		-493.837022		178.067170
3851		407844		-500.891197		192.411841
3861		408010		-500.977985		186.239316
3871		430955		-485.288556		165.808318
3881		419284		-494.324143		186.283947
3891		426651		-488.730918		169.005911
3901		416694		-496.990515		188.606511
3911		416772		-497.916645		190.191255
3921		412273		-501.237439		201.139505
3931		414021		-501.749173		192.466548
3941		425445		-494.474499		188.112662
3951		427708		-493.599595		171.945330
3961		430224		-492.469578		180.860894
3971		429150		-493.186603		178.087132
3981		433059		-492.006029		176.784727
3991		444361		-485.459283		157.082937
4001		436905		-490.632342		173.670582
4011		436567		-490.704562		176.943904
4021		432267		-494.759513		185.446904
4031		427089		-499.534607		194.208881
4041		417770		-506.322197		203.865875
4051		436655		-494.179215		176.030116
4061		436919		-496.427481		186.538291
4071		449834		-487.884058		169.405060
4081		431321		-499.603038		188.756187
4091		430891		-501.010022		191.686140
4101		444061		-492.673007		172.725677
4111		444448		-494.499635		174.066650
4121		437270		-498.879884		187.406455
4131		435730		-501.165819		189.416606
4141		480224		-473.502053		126.913306
4151		462078		-485.718140		158.053481
4161		438147		-501.347753		199.358327
4171		438866		-502.211460		199.005994
4181		473568		-480.297536		154.416168
4191		463559		-487.298497		168.504414
4201		457863		-491.383956		171.174482
4211		455657		-493.756352		184.464023
4221		449904		-497.720919		187.061834
4231		448737		-499.148192		181.160482
4241		451771		-497.051639		191.245461
4251		443331		-503.987768		204.706187
4261		468433		-488.602675		169.867167
4271		471185		-487.543901		159.360805
4281		482293		-481.032469		161.366036
4291		469385		-489.816826		172.373806
4301		459391		-497.537317		186.255754
4311		466086		-493.764788		171.345859
4321		482466		-484.838695		155.993057
4331		460757		-498.580466		190.998846
4341		448391		-506.741304		215.414881
4351		461897		-498.977706		188.207768
4361		468284		-495.426737		182.980968
4371		462448		-499.319149		188.098376
4381		474495		-492.519516		184.018717
4391		480544		-489.994990		169.443862
4401		474811		-493.604181		177.983640
4411		491504		-485.475402		166.360462
4421		475505		-495.852522		183.246777
4431		479343		-493.354999		184.159783
4441		493060		-486.399460		163.406440
4451		463639		-503.977533		200.565716
4461		484935		-491.939924		166.441605
4471		472611		-500.535898		195.147842
4481		494844		-487.894666		164.780183
4491		483994		-494.964151		181.707415
4501		483631		-495.537880		190.682071
4511		496930		-488.422079		159.959211
4521		463590		-508.675072		214.560053
4531		481599		-498.302362		197.513132
4541		492064		-493.018278		175.606695
4551		491524		-494.192046		182.643815
4561		481284		-501.413725		198.337645
4571		496488		-492.083133		177.331875
4581		483927		-499.464746		189.749836
4591		485909		-499.560880		193.488129
4601		502570		-490.202999		172.312106
4611		484243		-502.725656		194.913034
4621		505484		-490.801125		167.564164
4631		497322		-495.368603		183.651047
4641		502225		-493.628959		184.831286
4651		508734		-491.261234		173.526553
4661		506748		-492.181077		180.236001
4671		502963		-494.222222		180.737744
4681		502539		-496.240120		182.368725
4691		503049		-496.600298		179.705820
4701		521660		-487.016379		160.522867
4711		494250		-502.311187		199.383995
4721		519878		-488.557509		163.376827
4731		511107		-493.271613		181.862608
4741		500543		-501.031850		188.470365
4751		516555		-491.980636		169.719217
4761		524456		-488.409998		168.343625
4771		506582		-499.444142		188.758332
4781		522388		-490.774315		168.184899
4791		508711		-499.458151		186.626174
4801		510217		-498.935222		185.258488
4811		517182		-495.756392		188.057784
4821		522047		-493.640324		173.426675
4831		514342		-497.804181		191.687849
4841		512601		-500.333815		194.614336
4851		531722		-489.479283		176.764378
4861		516817		-497.991360		190.366591
4871		529847		-491.726545		178.420448
4881		519937		-498.265929		194.381069
4891		523924		-496.465345		185.829892
4901		515542		-502.268109		196.187309
4911		540981		-488.641824		160.237019
4921		530007		-494.602723		180.620606
4931		534216		-492.668424		175.481241
4941		521363		-500.263914		191.569723
4951		544642		-488.286811		171.865482
4961		531054		-497.204596		189.683935
4971		546174		-489.314021		163.427479
4981		530538		-498.419594		193.182493
4991		540176		-494.179122		181.084753
5001		543386		-492.471106		177.434913
5011		534012		-497.989224		178.193973
5021		555837		-486.581159		159.298944
5031		528678		-501.072550		203.838998
5041		552625		-489.897243		168.511406
5051		552307		-490.779648		174.010691
5061		537687		-498.605809		191.722980
5071		541882		-497.456912		185.360678
5081		536017		-500.828183		196.798662
5091		547456		-495.889216		184.692595
5101		539814		-499.309155		188.795138
5111		578958		-480.369399		153.406378
5121		536268		-503.056434		198.640890
5131		562725		-489.899045		165.048918
5141		545474		-499.396226		195.338261
5151		532901		-505.779849		208.452728
5161		558297		-493.901957		184.230963
5171		549228		-499.023013		186.117966
5181		582199		-483.620923		155.276974
5191		561463		-493.534964		178.151416
5201		547136		-501.785810		207.695443
5211		556621		-497.111495		183.993859
5221		570471		-490.837004		173.119326
5231		570508		-491.535079		176.053145
5241		564132		-494.414806		187.943522
5251		581445		-487.021901		170.737383
5261		572123		-491.803079		176.873218
5271		575231		-491.175109		176.569531
5281		575950		-491.160765		173.511835
5291		575808		-491.928180		183.125307
5301		580517		-490.103754		170.412375
5311		555115		-503.251365		203.335342
5321		560142		-501.131366		197.034016
5331		569020		-497.619959		190.326768
5341		571212		-496.850777		186.217562
5351		579337		-492.625677		180.733321
5361		601102		-483.307592		149.328483
5371		588217		-490.159002		171.220257
5381		592149		-488.479465		168.881621
5391		572045		-499.362641		190.876646
5401		583546		-494.361044		178.968339
5411		585749		-493.297357		180.634633
5421		572378		-500.165283		193.177643
5431		594482		-489.628429		172.404714
5441		596665		-489.551185		166.680390
5451		588622		-493.925518		186.381948
5461		559867		-508.148691		208.914485
5471		587582		-495.898373		175.706087
5481		591577		-494.025908		188.013866
5491		581361		-499.680932		186.976143
5501		585808		-497.711689		186.513725
5511		613613		-485.146071		158.324079
5521		605474		-489.437421		177.494657
5531		588779		-498.796601		185.612728
5541		596534		-494.617578		179.756723
5551		575650		-505.457035		204.069177
5561		609055		-489.929149		176.025535
5571		592325		-498.716209		190.917968
5581		597710		-496.055904		190.217882
5591		594456		-498.556251		192.250760
5601		592906		-499.970005		193.986074
5611		575613		-508.951702		212.199964
5621		588426		-502.353318		203.889344
5631		618395		-489.314154		168.074232
5641		585857		-505.023932		207.804645
5651		599476		-499.132897		198.839851
5661		612157		-492.607666		170.260731
5671		595613		-502.499735		203.100688
5681		614999		-493.271607		183.276888
5691		604784		-498.503602		194.334212
5701		617406		-492.536046		167.603578
5711		619944		-492.497986		179.508317
5721		612614		-496.176193		183.216920
5731		597188		-504.411098		197.896702
5741		612602		-497.923707		182.358823
5751		632898		-488.307425		172.165536
5761		611080		-499.814616		193.039750
5771		621240		-494.914573		189.718940
5781		611820		-499.394568		195.816987
5791		631623		-490.642721		172.707650
5801		650386		-483.534563		157.936563
5811		614911		-500.063328		189.358114
5821		608952		-502.956880		198.067342
5831		614128		-501.579146		197.953353
5841		627747		-495.270673		179.419962
5851		619947		-498.789267		190.239959
5861		616265		-502.250810		198.232042
5871		614537		-502.180889		195.731562
5881		621519		-501.258970		194.595137
5891		624331		-499.765065		195.580716
5901		640375		-492.382308		173.644467
5911		638593		-493.879885		178.657080
5921		635020		-495.686539		182.938355
5931		632293		-497.668521		183.458102
5941		638806		-495.377883		180.869551
5951		652406		-489.371198		171.290875
5961		636307		-496.859587		186.881396
5971		616709		-506.800201		213.727349
5981		658328		-489.338907		166.273867
5991		637621		-498.316809		184.224337
6001		628197		-503.369438		202.067655
6011		644844		-496.541008		187.226418
6021		655319		-491.491114		173.636605
6031		653502		-492.942464		178.962361
6041		657569		-492.244993		181.464658
6051		654444		-493.601058		177.457610
6061		666688		-488.409173		159.460815
6071		660322		-492.318893		174.238511
6081		651614		-496.700543		177.668147
6091		654478		-494.980791		176.594976
6101		648862		-498.377315		188.003278
6111		654698		-496.515791		184.213713
6121		633316		-506.246038		206.648587
6131		658021		-496.093949		177.655195
6141		656877		-497.527439		188.750041
6151		678288		-487.900504		172.383352
6161		634773		-507.568252		210.471677
6171		673146		-490.967428		179.349538
6181		640503		-505.626274		204.757483
6191		640784		-506.242610		204.591827
6201		652051		-501.241735		198.006128
6211		668549		-495.062309		184.932217
6221		672380		-493.600386		182.094519
6231		662973		-498.447761		182.884930
6241		682114		-490.924531		175.970838
6251		656020		-502.505199		193.820509
6261		700641		-483.892669		153.693979
6271		686325		-490.064105		177.820443
6281		671279		-496.597994		187.627129
6291		693461		-488.073756		167.780957
6301		668852		-499.073163		190.159340
6311		661067		-503.089843		200.690223
6321		663229		-502.373042		197.310552
6331		657638		-505.808877		208.100458
6341		667612		-501.181517		195.522473
6351		670321		-500.522123		194.009762
6361		703413		-487.440340		169.230624
6371		676619		-499.456914		193.189138
6381		687315		-494.649115		181.185708
6391		689967		-493.878892		181.380066
6401		686896		-495.365724		180.778628
6411		691232		-494.886913		179.256590
6421		676246		-500.992992		192.570316
6431		693687		-494.537708		182.170114
6441		696493		-493.722714		175.495109
6451		693655		-495.278251		187.991319
6461		690637		-496.585668		182.125677
6471		677301		-503.183434		195.655386
6481		689815		-498.539732		186.265700
6491		699015		-495.048529		178.855338
6501		693394		-497.623750		192.086756
6511		736145		-480.720012		155.148825
6521		712059		-490.874406		171.152891
6531		700143		-495.907518		182.430868
6541		716202		-489.503746		170.652805
6551		716974		-490.648756		165.025492
6561		676923		-507.418381		204.114922
6571		692446		-501.414092		190.404200
6581		718669		-490.943626		171.999392
6591		715407		-492.398119		175.847975
6601		716910		-492.872595		173.906984
6611		719356		-491.802148		175.024051
6621		722789		-490.664854		171.292554
6631		712341		-495.333434		188.461770
6641		739637		-484.793254		155.676254
6651		721669		-492.596602		174.005413
6661		725350		-491.524996		172.924486
6671		705396		-500.237446		190.288712
6681		718132		-495.115103		184.886394
6691		718221		-496.547003		181.903452
6701		710140		-499.404865		187.887778
6711		713317		-498.837729		189.243332
6721		736814		-489.393245		169.109061
6731		741978		-488.816521		164.710147
6741		736563		-490.699896		170.781190
6751		709250		-502.477263		199.949045
6761		730899		-493.771927		180.213282
6771		733582		-493.345148		180.219761
6781		719434		-498.843238		192.338888
6791		730098		-495.601826		182.095420
6801		746541		-489.032789		167.739156
6811		736622		-493.690794		180.262517
6821		774674		-479.153203		146.228119
6831		745892		-490.669594		175.542088
6841		725250		-498.959801		191.673440
6851		734552		-496.410451		180.549117
6861		741655		-493.443521		179.848710
6871		745505		-492.693931		168.550720
6881		752054		-489.858451		169.186165
6891		742710		-494.541286		177.052968
6901		743216		-494.346906		183.322417
6911		779818		-481.065548		151.035451
6921		750187		-493.492848		179.634735
6931		732623		-500.741019		195.712018
6941		755019		-491.910676		179.423138
6951		751827		-493.392030		180.740325
6961		741352		-498.350812		189.284298
6971		744962		-497.849376		187.984220
6981		753567		-494.183068		181.072626
6991		757190		-492.971535		181.834645
7001		748334		-497.259820		185.693472
7011		781626		-485.352731		157.604907
7021		740568		-500.653468		195.069648
7031		735410		-503.381027		194.355568
7041		767670		-491.363159		169.655163
7051		754460		-496.681322		183.292015
7061		731553		-505.574848		196.075627
7071		771072		-491.700750		169.921086
7081		763015		-495.100127		177.389917
7091		764963		-494.425610		185.481878
7101		720985		-511.732432		220.000282
7111		761210		-497.105330		186.084658
7121		766387		-494.897346		178.904929
7131		765515		-495.712242		183.355490
7141		761717		-498.324604		186.387621
7151		765830		-496.726052		189.394770
7161		769245		-495.440302		187.464041
7171		767118		-496.813276		181.703528
7181		785032		-490.045955		170.782064
7191		779289		-493.308858		175.422333
7201		753341		-502.567977		199.905291
7211		790601		-489.539315		171.275551
7221		783512		-492.106910		179.327794
7231		762173		-500.851888		194.861292
7241		763964		-500.521475		191.232426
7251		785433		-493.402289		173.985657
7261		787990		-492.943672		177.533398
7271		787026		-493.382478		175.097786
7281		779129		-496.343359		185.767614
7291		780687		-496.612810		188.380743
7301		785484		-495.174360		189.309958
7311		771675		-500.756668		191.311175
7321		790725		-494.027045		184.691436
7331		789121		-495.230664		186.259173
7341		787925		-495.457295		184.096445
7351		799946		-492.121888		176.579241
7361		789524		-496.115745		192.070099
7371		785803		-498.051282		185.060372
7381		788912		-496.804227		188.444113
7391		819504		-486.823975		166.969558
7401		787800		-497.850020		186.964734
7411		795322		-495.787883		181.485360
7421		813051		-490.406145		172.618246
7431		809658		-491.780379		177.451487
7441		783332		-501.142857		195.984142
7451		833960		-483.486780		158.883371
7461		808370		-492.930170		176.250637
7471		809264		-492.736715		174.820774
7481		797409		-497.727577		184.709263
7491		820197		-490.080363		172.195168
7501		791089		-500.721504		197.480336
7511		786047		-503.264013		198.289176
7521		799417		-498.363515		193.323228
7531		800673		-498.037976		195.916080
7541		819747		-492.172921		174.279804
7551		830693		-488.404715		171.668123
7561		804401		-498.304457		187.653220
7571		808740		-497.494651		183.244750
7581		821768		-492.757684		178.822319
7591		818368		-495.309709		180.633382
7601		822132		-494.282858		176.143928
7611		822437		-493.870451		181.177243
7621		814939		-496.556882		185.903425
7631		809684		-499.325383		194.643952
7641		838426		-489.137024		169.968590
7651		809795		-500.039733		194.011763
7661		812009		-499.839185		185.800026
7671		826868		-494.737062		177.680876
7681		833087		-493.229527		175.210519
7691		824621		-495.982317		189.511637
7701		822349		-497.231528		186.229321
7711		829422		-495.701206		182.833614
7721		831548		-494.290377		182.096361
7731		832472		-495.279265		181.664468
7741		802273		-505.282005		203.277354
7751		820697		-499.699652		190.646368
7761		867203		-483.780441		155.945883
7771		834354		-496.293913		185.475743
7781		816060		-502.076340		197.085979
7791		838459		-495.118983		182.971891
7801		831701		-497.577746		188.466094
7811		846192		-493.403149		180.664448
7821		822123		-501.867280		195.915868
7831		826247		-500.247223		195.182991
7841		838178		-496.992731		190.703737
7851		862623		-489.807158		168.492931
7861		849454		-493.791630		182.171479
7871		847400		-495.423707		178.823021
7881		846585		-496.082731		181.285116
7891		839104		-498.852363		194.506146
7901		828121		-502.883686		201.704088
7911		823385		-504.289723		196.386045
7921		836303		-500.568110		193.314733
7931		841243		-499.102761		192.687681
7941		839615		-500.547538		192.155144
7951		847173		-498.500314		189.156836
7961		833799		-502.859440		199.899510
7971		873513		-490.242128		171.864509
7981		839480		-501.703045		196.478386
7991		878817		-488.662746		166.041046
8001		847716		-499.130609		194.069491
8011		863934		-494.157533		176.827862
8021		890094		-486.414662		166.570752
8031		887810		-487.083053		163.435936
8041		866318		-494.758861		180.213158
8051		873393		-492.721898		172.228295
8061		847517		-501.305049		197.891329
8071		864149		-497.074464		186.886136
8081		873346		-494.058656		180.487068
8091		884321		-491.311828		170.167346
8101		860305		-499.007036		191.180101
8111		887805		-489.987918		168.100851
8121		897602		-486.840537		168.085950
8131		895281		-488.731029		171.381380
8141		885633		-492.583221		179.364206
8151		884893		-492.443136		173.856459
8161		863911		-499.316750		193.386105
8171		864612		-499.984824		190.291029
8181		894828		-490.204620		168.983987
8191		879705		-495.966304		183.975827
8201		898537		-489.873430		166.789904
8211		891625		-492.709780		176.260626
8221		879936		-496.959494		182.191461
8231		865357		-501.522537		192.998178
8241		927092		-481.737168		158.281034
8251		915234		-486.215489		157.400558
8261		881411		-497.118024		182.498245
8271		875479		-500.262604		196.646838
8281		863458		-503.855573		195.107837
8291		908736		-490.076951		177.893137
8301		882455		-498.962535		189.933020
8311		904825		-491.869570		178.495969
8321		882138		-499.501022		197.568802
8331		879783		-500.918497		197.225783
8341		876624		-501.937418		198.698477
8351		920122		-488.323794		170.302479
8361		883907		-499.666069		190.627915
8371		908083		-493.259587		175.024967
8381		891008		-498.739053		187.573559
8391		907676		-493.986414		178.204266
8401		900236		-496.150458		190.704202
8411		913075		-492.005231		180.904768
8421		916535		-491.938725		174.030638
8431		896248		-498.542522		187.246116
8441		915475		-493.028788		176.772183
8451		929552		-488.727488		164.093007
8461		933887		-488.093606		168.252925
8471		892594		-501.257939		194.760241
8481		902412		-498.429430		194.764768
8491		929762		-490.033212		173.366859
8501		933311		-488.832843		165.550171
8511		895172		-501.343203		195.251792
8521		911520		-496.382115		181.489497
8531		925342		-492.697691		179.471105
8541		912507		-497.205479		184.253132
8551		934869		-490.666355		173.947375
8561		907254		-499.138418		188.427053
8571		913205		-497.968965		187.683584
8581		932518		-492.187391		173.969001
8591		917461		-497.075079		181.721802
8601		924169		-496.191606		187.175910
8611		917785		-497.709441		186.655441
8621		942279		-490.749565		169.339752
8631		942807		-490.137412		174.219442
8641		923233		-497.159125		189.502141
8651		915380		-499.637961		192.199283
8661		937804		-493.589655		182.252858
8671		907688		-502.724023		199.672933
8681		909277		-502.963253		197.470568
8691		930468		-496.935220		188.801289
8701		944403		-492.518561		179.656821
8711		944639		-492.479853		180.799679
8721		932491		-496.719184		181.402821
8731		945886		-492.900699		177.394113
8741		939383		-495.293445		182.782290
8751		910865		-504.669638		202.155868
8761		962583		-488.974775		168.043146
8771		944123		-494.713944		178.515791
8781		943014		-495.609612		179.402574
8791		945386		-495.312934		185.374815
8801		941005		-496.424952		187.318032
8811		941989		-497.074566		189.062535
8821		954410		-493.090579		180.382043
8831		938198		-499.474125		194.043257
8841		930491		-501.331976		194.946725
8851		948577		-496.415320		179.524799
8861		963089		-491.865478		174.792010
8871		974910		-489.207079		171.894488
8881		939970		-500.666141		190.963180
8891		951079		-496.796761		186.042740
8901		939900		-500.391417		195.323222
8911		968721		-492.613624		173.255527
8921		941434		-500.900347		192.251541
8931		968279		-492.980853		176.335237
8941		967939		-493.299631		178.290348
8951		978693		-490.803262		177.372361
8961		966666		-494.074322		178.818435
8971		965365		-495.066771		180.805930
8981		991245		-488.027168		163.634116
8991		977944		-491.397620		166.961406
9001		971921		-493.523386		182.169092
9011		959012		-498.155588		187.402730
9021		986068		-490.770425		172.901896
9031		951218		-501.185694		195.641236
9041		973130		-495.154076		181.020684
9051		1000452		-486.903989		161.729754
9061		962076		-499.131663		190.914469
9071		975376		-494.778084		182.754713
9081		987385		-492.346217		176.903204
9091		986537		-492.680233		184.192938
9101		972043		-497.764641		188.291616
9111		960246		-500.801668		195.212381
9121		983394		-494.862844		180.385484
9131		968018		-499.310043		190.083233
9141		975277		-497.395033		183.155891
9151		979866		-496.248279		185.632608
9161		997155		-491.865517		177.122148
9171		996652		-492.032276		176.147421
9181		990303		-494.327851		181.846204
9191		981677		-497.797846		187.825699
9201		984362		-497.113792		187.979567
9211		1002808		-491.766366		175.008360
9221		995304		-493.809782		184.379351
9231		1003692		-492.071065		180.810530
9241		990675		-496.246727		183.249215
9251		1013791		-489.840233		167.398552
9261		1002505		-493.354929		182.049671
9271		1007251		-492.168698		181.227268
9281		993181		-496.722336		187.794419
9291		953781		-508.089119		210.246475
9301		995123		-496.855822		181.877218
9311		1019166		-490.246805		170.783160
9321		1020202		-490.247827		176.213926
9331		1009147		-493.732290		180.969671
9341		1012975		-492.885130		176.232523
9351		986997		-500.188643		190.952625
9361		1018790		-491.200085		178.500801
9371		998404		-498.383097		186.382457
9381		1002277		-497.152116		184.511673
9391		1011969		-494.940688		182.196145
9401		1011407		-495.103074		179.625359
9411		1003657		-498.058017		190.320689
9421		1009525		-496.159643		187.446768
9431		1015907		-495.216626		177.828650
9441		1000101		-499.111111		190.514776
9451		1035593		-489.968469		174.484816
9461		1009219		-497.457774		183.567910
9471		1015382		-495.753352		181.802766
9481		1034123		-491.337201		177.553423
9491		1030778		-492.671373		180.272469
9501		1035404		-491.666140		174.563730
9511		1013919		-497.969088		186.661970
9521		1005069		-500.394917		195.359521
9531		993601		-504.270696		204.545588
9541		1027525		-494.708311		176.056807
9551		1020373		-497.108994		184.226364
9561		1031752		-494.237841		176.064638
9571		1015925		-499.564518		190.038449
9581		1016187		-499.357061		192.876944
9591		1041671		-492.739860		176.053800
9601		1006217		-502.293094		202.359338
9611		1029543		-496.682551		188.152117
9621		1055816		-489.579046		163.632886
9631		1035894		-495.381580		180.839788
9641		1025188		-498.585624		187.965356
9651		1012405		-502.381100		201.119884
9661		1026820		-498.730980		189.327606
9671		1042830		-494.584634		181.842415
9681		1060681		-490.058878		173.503564
9691		1028281		-499.222371		187.291920
9701		1027470		-499.313473		194.831048
9711		1069115		-488.962208		172.123159
9721		1038745		-497.342249		188.834071
9731		1013758		-504.017675		202.261021
9741		1059241		-492.286624		175.556308
9751		1056708		-493.613783		179.233720
9761		1036422		-498.608339		193.320357
9771		1034628		-500.004912		192.973493
9781		1066074		-491.675698		171.653819
9791		1049203		-496.556838		188.465121
9801		1070028		-490.680951		173.900622
9811		1042428		-498.665579		189.108552
9821		1049075		-497.104979		185.515324
9831		1057294		-495.048317		179.449293
9841		1081571		-488.709278		166.299766
9851		1080970		-489.440260		168.803979
9861		1083568		-489.061150		170.991380
9871		1021433		-506.093000		208.108196
9881		1071125		-493.249671		175.935229
9891		1054176		-497.441715		183.670205
9901		1064187		-495.474397		182.998687
9911		1067201		-494.927656		184.767834
9921		1069384		-494.404193		182.504788
9931		1044217		-501.661464		194.356460
9941		1048841		-500.883613		195.679308
9951		1087929		-490.473319		168.932168
9961		1087110		-491.134625		174.940468
9971		1084808		-491.856785		176.688396
9981		1072535		-495.530308		182.254684
9991		1085035		-492.371134		175.158843
