 x		y
1.000000		0.000000
0.996131		0.087965
0.984555		0.175249
0.965360		0.261177
0.938698		0.345084
0.904775		0.426322
0.863855		0.504264
0.816255		0.578306
0.762347		0.647879
0.702547		0.712445
0.637321		0.771508
0.567174		0.824614
0.492649		0.871355
0.414324		0.911374
0.332803		0.944364
0.248717		0.970076
0.162715		0.988314
0.075460		0.998941
-0.012376		1.001880
-0.100116		0.997113
-0.187087		0.984678
-0.272620		0.964677
-0.356060		0.937266
-0.436765		0.902660
-0.514119		0.861127
-0.587530		0.812988
-0.656436		0.758617
-0.720311		0.698431
-0.778667		0.632895
-0.831060		0.562511
-0.877090		0.487821
-0.916407		0.409397
-0.948711		0.327840
-0.973756		0.243774
-0.991352		0.157844
-1.001364		0.070706
-1.003717		-0.016972
-0.998393		-0.104521
-0.985433		-0.191270
-0.964933		-0.276557
-0.937052		-0.359727
-0.902000		-0.440145
-0.860045		-0.517194
-0.811506		-0.590283
-0.756753		-0.658853
-0.696204		-0.722376
-0.630319		-0.780364
-0.559603		-0.832369
-0.484595		-0.877992
-0.405870		-0.916878
-0.324029		-0.948727
-0.239700		-0.973291
-0.153529		-0.990377
-0.066178		-0.999850
0.021682		-1.001633
0.109375		-0.995709
0.196225		-0.982120
0.281565		-0.960966
0.364735		-0.932407
0.445092		-0.896659
0.522017		-0.853995
0.594913		-0.804741
0.663217		-0.749274
0.726398		-0.688021
0.783968		-0.621452
0.835478		-0.550080
0.880530		-0.474455
0.918773		-0.395162
0.949909		-0.312812
0.973698		-0.228043
0.989953		-0.141509
0.998549		-0.053881
0.999418		0.034165
0.992554		0.121946
0.978010		0.208784
0.955900		0.294006
0.926395		0.376954
0.889726		0.456986
0.846176		0.533485
0.796085		0.605860
0.739841		0.673552
0.677882		0.736041
0.610688		0.792846
0.538779		0.843529
0.462712		0.887704
0.383077		0.925031
0.300488		0.955227
0.215583		0.978062
0.129018		0.993363
0.041460		1.001018
-0.046417		1.000970
-0.133937		0.993224
-0.220428		0.977844
-0.305225		0.954951
-0.387678		0.924726
-0.467156		0.887402
-0.543050		0.843271
-0.614779		0.792673
-0.681796		0.735998
-0.743588		0.673684
-0.799685		0.606210
-0.849659		0.534094
-0.893128		0.457889
-0.929761		0.378180
-0.959281		0.295577
-0.981461		0.210713
-0.996133		0.124237
-1.003186		0.036810
-1.002566		-0.050898
-0.994277		-0.138216
-0.978382		-0.224478
-0.955003		-0.309022
-0.924317		-0.391202
-0.886558		-0.470388
-0.842012		-0.545973
-0.791019		-0.617378
-0.733969		-0.684055
-0.671295		-0.745491
-0.603476		-0.801214
-0.531030		-0.850794
-0.454511		-0.893847
-0.374505		-0.930041
-0.291622		-0.959095
-0.206500		-0.980782
-0.119791		-0.994932
-0.032161		-1.001432
0.055716		-1.000228
0.143165		-0.991326
0.229511		-0.974790
0.314089		-0.950744
0.396246		-0.919369
0.475347		-0.880905
0.550781		-0.835644
0.621964		-0.783933
0.688343		-0.726169
0.749406		-0.662796
0.804678		-0.594301
0.853730		-0.521213
0.896182		-0.444094
0.931702		-0.363541
0.960016		-0.280176
0.980903		-0.194644
0.994201		-0.107605
0.999805		-0.019734
0.997674		0.068290
0.987823		0.155785
0.970329		0.242075
0.945328		0.326493
0.913016		0.408385
0.873642		0.487118
0.827514		0.562086
0.774990		0.632709
0.716478		0.698443
0.652431		0.758782
0.583347		0.813262
0.509760		0.861465
0.432240		0.903023
0.351388		0.937616
0.267827		0.964983
0.182202		0.984916
0.095175		0.997264
0.007415		1.001938
-0.080402		0.998904
-0.167601		0.988190
-0.253512		0.969883
-0.337475		0.944125
-0.418848		0.911120
-0.497007		0.871123
-0.571354		0.824445
-0.641320		0.771446
-0.706371		0.712534
-0.766011		0.648164
-0.819784		0.578830
-0.867281		0.505064
-0.908139		0.427432
-0.942048		0.346530
-0.968749		0.262976
-0.988039		0.177410
-0.999771		0.090487
-1.003857		0.002872
-1.000264		-0.084765
-0.989019		-0.171753
-0.970209		-0.257428
-0.943977		-0.341133
-0.910521		-0.422228
-0.870096		-0.500091
-0.823010		-0.574126
-0.769622		-0.643765
-0.710339		-0.708472
-0.645613		-0.767750
-0.575937		-0.821143
-0.501845		-0.868239
-0.423902		-0.908674
-0.342706		-0.942133
-0.258878		-0.968358
-0.173061		-0.987143
-0.085913		-0.998339
0.001895		-1.001857
0.089688		-0.997667
0.176792		-0.985795
0.262533		-0.966331
0.346251		-0.939420
0.427300		-0.905265
0.505052		-0.864128
0.578907		-0.816323
0.648293		-0.762215
0.712672		-0.702221
0.771545		-0.636801
0.824455		-0.566459
0.870991		-0.491739
0.910792		-0.413216
0.943549		-0.331497
0.969006		-0.247213
0.986967		-0.161017
0.997291		-0.073575
0.999898		0.014436
0.994769		0.102335
0.981942		0.189443
0.961519		0.275085
0.933657		0.358599
0.898575		0.439340
0.856544		0.516683
0.807892		0.590032
0.752997		0.658822
0.692284		0.722521
0.626224		0.780641
0.555331		0.832734
0.480152		0.878402
0.401269		0.917294
0.319294		0.949115
0.234857		0.973622
0.148612		0.990630
0.061223		1.000012
-0.026637		1.001700
-0.114292		0.995685
-0.201069		0.982016
-0.286301		0.960803
-0.369335		0.932212
-0.449534		0.896466
-0.526284		0.853843
-0.598999		0.804672
-0.667122		0.749333
-0.730133		0.688252
-0.787552		0.621900
-0.838940		0.550786
-0.883906		0.475455
-0.922107		0.396485
-0.953253		0.314482
-0.977105		0.230073
-0.993484		0.143904
-1.002263		0.056634
-1.003375		-0.031069
-0.996813		-0.118535
-0.982627		-0.205094
-0.960922		-0.290084
-0.931866		-0.372854
-0.895678		-0.452771
-0.852634		-0.529222
-0.803062		-0.601621
-0.747340		-0.669412
-0.685892		-0.732075
-0.619186		-0.789127
-0.547734		-0.840129
-0.472080		-0.884686
-0.392803		-0.922454
-0.310510		-0.953139
-0.225833		-0.976504
-0.139419		-0.992364
-0.051934		-1.000593
0.035951		-1.001125
0.123559		-0.993952
0.210216		-0.979124
0.295253		-0.956753
0.378014		-0.927006
0.457860		-0.890111
0.534173		-0.846349
0.606364		-0.796053
0.673872		-0.739611
0.736174		-0.677455
0.792788		-0.610064
0.843274		-0.537958
0.887240		-0.461693
0.924344		-0.381856
0.954298		-0.299066
0.976869		-0.213963
0.991883		-0.127204
0.999221		-0.039460
0.998828		0.048588
0.990706		0.136261
0.974919		0.222880
0.951590		0.307774
0.920901		0.390288
0.883090		0.469783
0.838451		0.545646
0.787332		0.617292
0.730129		0.684168
0.667287		0.745760
0.599292		0.801593
0.526672		0.851240
0.449989		0.894319
0.369836		0.930503
0.286832		0.959514
0.201619		0.981134
0.114853		0.995198
0.027203		1.001604
-0.060656		1.000306
-0.148049		0.991316
-0.234303		0.974709
-0.318759		0.950616
-0.400767		0.919225
-0.479700		0.880780
-0.554954		0.835580
-0.625953		0.783974
-0.692155		0.726359
-0.753055		0.663180
-0.808187		0.594922
-0.857132		0.522110
-0.899516		0.445301
-0.935016		0.365084
-0.963363		0.282074
-0.984340		0.196906
-0.997788		0.110232
-1.003603		0.022715
-1.001743		-0.064976
-0.992219		-0.152169
-0.975106		-0.238199
-0.950532		-0.322407
-0.918685		-0.404147
-0.879806		-0.482794
-0.834193		-0.557745
-0.782191		-0.628425
-0.724197		-0.694292
-0.660654		-0.754837
-0.592046		-0.809597
-0.518898		-0.858147
-0.441769		-0.900114
-0.361249		-0.935171
-0.277955		-0.963047
-0.192525		-0.983523
-0.105615		-0.996439
-0.017892		-1.001691
0.069968		-0.999235
0.157289		-0.989086
0.243399		-0.971319
0.327633		-0.946066
0.409341		-0.913518
0.487891		-0.873924
0.562676		-0.827586
0.633117		-0.774859
0.698669		-0.716147
0.758822		-0.651902
0.813111		-0.582618
0.861113		-0.508831
0.902457		-0.431109
0.936821		-0.350052
0.963937		-0.266287
0.983596		-0.180463
0.995645		-0.093242
0.999989		-0.005299
0.996596		0.082684
0.985491		0.170028
0.966763		0.256057
0.940556		0.340104
0.907074		0.421522
0.866579		0.499679
0.819385		0.573975
0.765858		0.643834
0.706415		0.708720
0.641517		0.768132
0.571666		0.821615
0.497404		0.868757
0.419306		0.909200
0.337975		0.942633
0.254040		0.968802
0.168149		0.987510
0.080963		0.998616
-0.006846		1.002039
-0.094603		0.997756
-0.181632		0.985804
-0.267266		0.966279
-0.350847		0.939334
-0.431736		0.905180
-0.509313		0.864082
-0.582984		0.816357
-0.652187		0.762375
-0.716392		0.702552
-0.775110		0.637347
-0.827893		0.567262
-0.874339		0.492835
-0.914093		0.414636
-0.946852		0.333264
-0.972368		0.249343
-0.990446		0.163514
-1.000947		0.076435
-1.003793		-0.011229
-0.998960		-0.098807
-0.986487		-0.185630
-0.966466		-0.271032
-0.939050		-0.354360
-0.904449		-0.434977
-0.862924		-0.512264
-0.814791		-0.585629
-0.760419		-0.654508
-0.700220		-0.718373
-0.634655		-0.776732
-0.564223		-0.829136
-0.489464		-0.875179
-0.410948		-0.914506
-0.329277		-0.946812
-0.245076		-0.971844
-0.158992		-0.989408
-0.071686		-0.999364
0.016172		-1.001631
0.103906		-0.996189
0.190839		-0.983076
0.276302		-0.962388
0.359635		-0.934282
0.440195		-0.898970
0.517358		-0.856723
0.590528		-0.807862
0.659137		-0.752764
0.722655		-0.691850
0.780589		-0.625590
0.832489		-0.554494
0.877952		-0.479111
0.916625		-0.400023
0.948208		-0.317840
0.972456		-0.233198
0.989179		-0.146753
0.998248		-0.059171
0.999593		0.028868
0.993204		0.116684
0.979130		0.203597
0.957482		0.288935
0.928428		0.372038
0.892194		0.452264
0.849062		0.528994
0.799367		0.601635
0.743496		0.669627
0.681883		0.732447
0.615004		0.789612
0.543379		0.840682
0.467562		0.885267
0.388140		0.923026
0.305726		0.953671
0.220957		0.976969
0.134486		0.992744
0.046981		1.000880
-0.040886		1.001317
-0.128438		0.994056
-0.215004		0.979156
-0.299918		0.956736
-0.382529		0.926971
-0.462206		0.890093
-0.538338		0.846389
-0.610342		0.796196
-0.677669		0.739901
-0.739804		0.677938
-0.796274		0.610783
-0.846648		0.538952
-0.890541		0.462995
-0.927620		0.383496
-0.957601		0.301063
-0.980257		0.216326
-0.995414		0.129935
-1.002958		0.042550
-1.002830		-0.045161
-0.995032		-0.132526
-0.979621		-0.218877
-0.956716		-0.303554
-0.926490		-0.385908
-0.889173		-0.465308
-0.845049		-0.541146
-0.794453		-0.612840
-0.737772		-0.679840
-0.675437		-0.741630
-0.607924		-0.797734
-0.535749		-0.847721
-0.459463		-0.891203
-0.379651		-0.927845
-0.296922		-0.957360
-0.211913		-0.979520
-0.125274		-0.994150
-0.037672		-1.001134
0.050220		-1.000414
0.137726		-0.991991
0.224170		-0.975928
0.308887		-0.952343
0.391222		-0.921415
0.470540		-0.883380
0.546226		-0.838527
0.617695		-0.787200
0.684393		-0.729794
0.745804		-0.666748
0.801450		-0.598550
0.850900		-0.525724
0.893770		-0.448833
0.929728		-0.368471
0.958493		-0.285258
0.979842		-0.199838
0.993610		-0.112871
0.999690		-0.025032
0.998034		0.063002
0.988657		0.150547
0.971630		0.236929
0.947088		0.321477
0.915220		0.403539
0.876276		0.482481
0.830559		0.557693
0.778422		0.628595
0.720272		0.694641
0.656560		0.755323
0.587780		0.810174
0.514464		0.858774
0.437180		0.900750
0.356526		0.935783
0.273125		0.963605
0.187620		0.984005
0.100671		0.996831
0.012947		1.001987
-0.074876		0.999439
-0.162123		0.989208
-0.248125		0.971379
-0.332222		0.946090
-0.413769		0.913541
-0.492142		0.873983
-0.566741		0.827724
-0.636996		0.775120
-0.702371		0.716577
-0.762366		0.652546
-0.816523		0.583518
-0.864429		0.510023
-0.905721		0.432625
-0.940082		0.351916
-0.967251		0.268516
-0.987021		0.183061
-0.999241		0.096206
-1.003818		0.008616
-1.000717		-0.079041
-0.989961		-0.166093
-0.971632		-0.251874
-0.945868		-0.335729
-0.912866		-0.417013
-0.872876		-0.495106
-0.826202		-0.569408
-0.773201		-0.639349
-0.714275		-0.704391
-0.649875		-0.764034
-0.580492		-0.817819
-0.506656		-0.865331
-0.428932		-0.906201
-0.347914		-0.940114
-0.264224		-0.966805
-0.178503		-0.986066
-0.091409		-0.997744
-0.003612		-1.001747
0.084212		-0.998039
0.171388		-0.986645
0.257244		-0.967649
0.341116		-0.941193
0.422358		-0.907479
0.500341		-0.866763
0.574462		-0.819357
0.644146		-0.765623
0.708855		-0.705975
0.768086		-0.640871
0.821380		-0.570814
0.868323		-0.496343
0.908550		-0.418033
0.941749		-0.336490
0.967663		-0.252343
0.986089		-0.166244
0.996886		-0.078859
0.999969		0.009136
0.995315		0.097061
0.982960		0.184235
0.963000		0.269984
0.935593		0.353644
0.900950		0.434570
0.859342		0.512135
0.811091		0.585743
0.756574		0.654825
0.696213		0.718848
0.630477		0.777322
0.559875		0.829797
0.484954		0.875870
0.406293		0.915189
0.324501		0.947455
0.240209		0.972423
0.154068		0.989903
0.066741		0.999765
-0.021099		1.001938
-0.108777		0.996407
-0.195619		0.983220
-0.280959		0.962482
-0.364142		0.934355
-0.444531		0.899059
-0.521510		0.856868
-0.594492		0.808107
-0.662917		0.753154
-0.726265		0.692430
-0.784050		0.626405
-0.835833		0.555583
-0.881218		0.480509
-0.919860		0.401758
-0.951464		0.319934
-0.975790		0.235661
-0.992652		0.149587
-1.001921		0.062368
-1.003526		-0.025329
-0.997455		-0.112831
-0.983754		-0.199470
-0.962526		-0.284583
-0.933933		-0.367518
-0.898192		-0.447641
-0.855575		-0.524336
-0.806405		-0.597016
-0.751058		-0.665123
-0.689956		-0.728133
-0.623564		-0.785561
-0.552390		-0.836963
-0.476978		-0.881945
-0.397904		-0.920156
-0.315774		-0.951300
-0.231218		-0.975135
-0.144884		-0.991474
-0.057437		-1.000186
0.030453		-1.001202
0.118109		-0.994509
0.204854		-0.980156
0.290021		-0.958248
0.372952		-0.928952
0.453005		-0.892490
0.529563		-0.849140
0.602032		-0.799235
0.669851		-0.743156
0.732495		-0.681335
0.789477		-0.614249
0.840356		-0.542413
0.884736		-0.466383
0.922273		-0.386746
0.952675		-0.304117
0.975707		-0.219135
0.991189		-0.132457
0.999002		-0.044755
0.999085		0.043294
0.991437		0.131008
0.976119		0.217708
0.953251		0.302724
0.923010		0.385399
0.885633		0.465094
0.841409		0.541194
0.790683		0.613111
0.733849		0.680292
0.671347		0.742220
0.603664		0.798418
0.531323		0.848456
0.454883		0.891950
0.374938		0.928568
0.292103		0.958031
0.207018		0.980116
0.120340		0.994657
0.032737		1.001545
-0.055119		1.000731
-0.142551		0.992226
-0.228888		0.976099
-0.313467		0.952477
-0.395641		0.921545
-0.474779		0.883543
-0.550277		0.838767
-0.621557		0.787562
-0.688075		0.730322
-0.749323		0.667489
-0.804833		0.599545
-0.854183		0.527011
-0.896995		0.450445
-0.932944		0.370431
-0.961755		0.287584
-0.983210		0.202537
-0.997144		0.115940
-1.003451		0.028457
-1.002083		-0.059244
-0.993049		-0.146492
-0.976418		-0.232619
-0.952316		-0.316966
-0.920926		-0.398887
-0.882486		-0.477755
-0.837290		-0.552965
-0.785680		-0.623940
-0.728051		-0.690134
-0.664841		-0.751038
-0.596534		-0.806184
-0.523650		-0.855145
-0.446748		-0.897543
-0.366415		-0.933050
-0.283268		-0.961389
-0.197943		-0.982340
-0.111097		-0.995736
-0.023395		-1.001472
0.064486		-0.999499
0.151871		-0.989829
0.238085		-0.972532
0.322465		-0.947737
0.404357		-0.915634
0.483129		-0.876465
0.558172		-0.830531
0.628905		-0.778184
0.694779		-0.719825
0.755284		-0.655903
0.809951		-0.586911
0.858355		-0.513381
0.900121		-0.435881
0.934923		-0.355008
0.962493		-0.271390
0.982616		-0.185671
0.995136		-0.098516
0.999955		-0.010599
0.997038		0.077401
0.986406		0.164801
0.968144		0.250927
0.942393		0.335112
0.909355		0.416705
0.869287		0.495077
0.822499		0.569622
0.769357		0.639767
0.710273		0.704969
0.645704		0.764729
0.576152		0.818588
0.502156		0.866131
0.424288		0.906996
0.343150		0.940871
0.259368		0.967498
0.173590		0.986675
0.086476		0.998260
-0.001304		1.002167
-0.089073		0.998370
-0.176158		0.986901
-0.261890		0.967853
-0.345612		0.941375
-0.426682		0.907674
-0.504479		0.867012
-0.578409		0.819703
-0.647907		0.766112
-0.712441		0.706653
-0.771520		0.641782
-0.824691		0.571998
-0.871551		0.497835
-0.911741		0.419864
-0.944956		0.338679
-0.970942		0.254904
-0.989501		0.169180
-1.000492		0.082161
-1.003830		-0.005486
-0.999489		-0.093092
-0.987502		-0.179985
-0.967960		-0.265501
-0.941012		-0.348985
-0.906860		-0.429799
-0.865766		-0.507322
-0.818042		-0.580959
-0.764051		-0.650147
-0.704205		-0.714352
-0.638960		-0.773080
-0.568815		-0.825879
-0.494305		-0.872342
-0.416001		-0.912108
-0.334502		-0.944869
-0.250433		-0.970369
-0.164438		-0.988410
-0.077178		-0.998848
0.010675		-1.001600
0.098446		-0.996639
0.185459		-0.984002
0.271043		-0.963780
0.354536		-0.936127
0.435295		-0.901253
0.512694		-0.859423
0.586135		-0.810958
0.655048		-0.756229
0.718901		-0.695656
0.777197		-0.629708
0.829484		-0.558890
0.875357		-0.483751
0.914459		-0.404870
0.946487		-0.322857
0.971192		-0.238347
0.988382		-0.151992
0.997925		-0.064460
0.999746		0.023569
0.993831		0.111417
0.980228		0.198403
0.959043		0.283853
0.930441		0.367109
0.894644		0.447526
0.851931		0.524484
0.802636		0.597388
0.747139		0.665678
0.685873		0.728827
0.619313		0.786351
0.547975		0.837807
0.472410		0.882801
0.393203		0.920991
0.310967		0.952084
0.226336		0.975845
0.139963		0.992094
0.052513		1.000711
-0.035340		1.001633
-0.122923		0.994857
-0.209560		0.980438
-0.294589		0.958492
-0.377357		0.929189
-0.457230		0.892759
-0.533598		0.849483
-0.605875		0.799697
-0.673511		0.743783
-0.735988		0.682172
-0.792829		0.615338
-0.843602		0.543794
-0.887918		0.468088
-0.925441		0.388801
-0.955884		0.306539
-0.979015		0.221933
-0.994657		0.135629
-1.002692		0.048287
-1.003056		-0.039424
-0.995748		-0.126833
-0.980822		-0.213272
-0.958392		-0.298079
-0.928626		-0.380605
-0.891752		-0.460218
-0.848050		-0.536306
-0.797853		-0.608287
-0.741542		-0.675607
-0.679548		-0.737749
-0.612342		-0.794233
-0.540440		-0.844625
-0.464389		-0.888535
-0.384773		-0.925622
-0.302201		-0.955598
-0.217306		-0.978230
-0.130740		-0.993339
-0.043169		-1.000806
0.044735		-1.000569
0.132295		-0.992626
0.218835		-0.977035
0.303688		-0.953912
0.386199		-0.923432
0.465730		-0.885826
0.541665		-0.841382
0.613418		-0.790441
0.680432		-0.733394
0.742188		-0.670679
0.798206		-0.602780
0.848053		-0.530219
0.891341		-0.453558
0.927734		-0.373389
0.956949		-0.290331
0.978760		-0.205026
0.992998		-0.118135
0.999553		-0.030330
0.998373		0.057710
0.989469		0.145303
0.972911		0.231772
0.948827		0.316449
0.917406		0.398678
0.878893		0.477826
0.833587		0.553280
0.781841		0.624459
0.724055		0.690816
0.660680		0.751838
0.592206		0.807059
0.519164		0.856054
0.442118		0.898448
0.361665		0.933919
0.278427		0.962195
0.193045		0.983063
0.106177		0.996366
0.018492		1.002006
-0.069334		0.999943
-0.156628		0.990196
-0.242719		0.972846
-0.326947		0.948027
-0.408666		0.915934
-0.487251		0.876817
-0.562101		0.830979
-0.632643		0.778772
-0.698339		0.720599
-0.758687		0.656909
-0.813227		0.588189
-0.861543		0.514967
-0.903266		0.437805
-0.938078		0.357293
-0.965715		0.274048
-0.985964		0.188707
-0.998672		0.101922
-1.003741		0.014358
-1.001132		-0.073316
-0.990865		-0.160429
-0.973016		-0.246315
-0.947722		-0.330316
-0.915174		-0.411789
-0.875619		-0.490109
-0.829359		-0.564676
-0.776745		-0.634916
-0.718179		-0.700292
-0.654107		-0.760298
-0.585018		-0.814473
-0.511440		-0.862399
-0.433936		-0.903704
-0.353099		-0.938069
-0.269549		-0.965225
-0.183927		-0.984961
-0.096890		-0.997121
-0.009107		-1.001607
0.078746		-0.998381
0.165992		-0.987464
0.251959		-0.968936
0.335983		-0.942938
0.417415		-0.909664
0.495626		-0.869371
0.570009		-0.822364
0.639991		-0.769006
0.705027		-0.709707
0.764614		-0.644921
0.818289		-0.575150
0.865637		-0.500931
0.906289		-0.422837
0.939929		-0.341472
0.966298		-0.257466
0.985190		-0.171467
0.996459		-0.084141
1.000017		0.003836
0.995839		0.091783
0.983956		0.179020
0.964462		0.264872
0.937508		0.348676
0.903307		0.429783
0.862122		0.507569
0.814276		0.581432
0.760139		0.650804
0.700132		0.715150
0.634722		0.773976
0.564414		0.826831
0.489753		0.873308
0.411316		0.913054
0.329711		0.945765
0.245566		0.971192
0.159532		0.989144
0.072270		0.999487
-0.015548		1.002144
-0.103246		0.997099
-0.190151		0.984395
-0.275596		0.964132
-0.358926		0.936471
-0.439503		0.901626
-0.516710		0.859868
-0.589956		0.811519
-0.658683		0.756953
-0.722364		0.696589
-0.780515		0.630891
-0.832691		0.560365
-0.878495		0.485550
-0.917577		0.407019
-0.949639		0.325375
-0.974437		0.241242
-0.991782		0.155264
-1.001540		0.068098
-1.003638		-0.019588
-0.998059		-0.107125
-0.984843		-0.193842
-0.964093		-0.279076
-0.935964		-0.362175
-0.900670		-0.442500
-0.858479		-0.519438
-0.809713		-0.592397
-0.754743		-0.660817
-0.693988		-0.724172
-0.627912		-0.781973
-0.557018		-0.833776
-0.481849		-0.879180
-0.402980		-0.917833
-0.321016		-0.949434
-0.236584		-0.973739
-0.150333		-0.990555
-0.062925		-0.999750
0.024967		-1.001249
0.112667		-0.995037
0.199499		-0.981158
0.284793		-0.959715
0.367890		-0.930869
0.448149		-0.894841
0.524948		-0.851905
0.597693		-0.802391
0.665821		-0.746677
0.728803		-0.685194
0.786151		-0.618413
0.837421		-0.546851
0.882214		-0.471059
0.920183		-0.391624
