 x		y
1.000000		0.000000
0.998026		0.084823
0.992131		0.169313
0.982395		0.253147
0.968944		0.336024
0.951946		0.417671
0.931603		0.497850
0.908140		0.576362
0.881795		0.653045
0.852816		0.727777
0.821447		0.800470
0.787929		0.871068
0.752492		0.939545
0.715351		1.005894
0.676709		1.070132
0.636750		1.132289
0.595645		1.192407
0.553547		1.250536
0.510594		1.306736
0.466911		1.361067
0.422610		1.413595
0.377789		1.464385
0.332537		1.513504
0.286932		1.561017
0.241044		1.606989
0.194934		1.651482
0.148656		1.694557
0.102260		1.736274
0.055786		1.776687
0.009274		1.815852
-0.037245		1.853819
-0.083740		1.890639
-0.130187		1.926357
-0.176562		1.961019
-0.222846		1.994666
-0.269022		2.027340
-0.315073		2.059077
-0.360986		2.089916
-0.406750		2.119889
-0.452354		2.149031
-0.497790		2.177371
-0.543050		2.204940
-0.588126		2.231766
-0.633014		2.257874
-0.677707		2.283292
-0.722203		2.308042
-0.766497		2.332149
-0.810586		2.355633
-0.854469		2.378515
-0.898143		2.400816
-0.941606		2.422554
-0.984857		2.443747
-1.027896		2.464413
-1.070721		2.484567
-1.113333		2.504227
-1.155732		2.523406
-1.197917		2.542119
-1.239889		2.560380
-1.281649		2.578202
-1.323197		2.595598
-1.364533		2.612579
-1.405659		2.629157
-1.446575		2.645344
-1.487283		2.661149
-1.527784		2.676584
-1.568079		2.691658
-1.608169		2.706380
-1.648056		2.720760
-1.687740		2.734806
-1.727224		2.748527
-1.766508		2.761931
-1.805595		2.775025
-1.844485		2.787817
-1.883180		2.800315
-1.921681		2.812525
-1.959991		2.824454
-1.998110		2.836109
-2.036041		2.847495
-2.073783		2.858620
-2.111341		2.869488
-2.148713		2.880106
-2.185903		2.890478
-2.222912		2.900611
-2.259740		2.910509
-2.296391		2.920178
-2.332865		2.929622
-2.369163		2.938845
-2.405287		2.947853
-2.441239		2.956650
-2.477020		2.965239
-2.512632		2.973625
-2.548075		2.981813
-2.583352		2.989805
-2.618463		2.997607
-2.653410		3.005220
-2.688195		3.012649
-2.722819		3.019898
-2.757282		3.026969
-2.791587		3.033866
-2.825735		3.040592
-2.859727		3.047151
-2.893564		3.053544
-2.927248		3.059776
-2.960779		3.065849
-2.994160		3.071765
-3.027391		3.077527
-3.060473		3.083139
-3.093408		3.088602
-3.126196		3.093919
-3.158840		3.099093
-3.191340		3.104125
-3.223697		3.109019
-3.255912		3.113776
-3.287986		3.118398
-3.319922		3.122888
-3.351718		3.127248
-3.383378		3.131480
-3.414901		3.135586
-3.446289		3.139567
-3.477542		3.143426
-3.508662		3.147165
-3.539650		3.150785
-3.570507		3.154288
-3.601233		3.157676
-3.631830		3.160950
-3.662298		3.164113
-3.692639		3.167165
-3.722854		3.170109
-3.752942		3.172946
-3.782906		3.175677
-3.812746		3.178304
-3.842462		3.180829
-3.872057		3.183252
-3.901530		3.185576
-3.930883		3.187801
-3.960115		3.189929
-3.989229		3.191962
-4.018225		3.193900
-4.047104		3.195744
-4.075866		3.197497
-4.104512		3.199159
-4.133044		3.200731
-4.161461		3.202215
-4.189764		3.203611
-4.217955		3.204922
-4.246034		3.206147
-4.274002		3.207288
-4.301859		3.208346
-4.329606		3.209322
-4.357244		3.210217
-4.384773		3.211033
-4.412195		3.211769
-4.439509		3.212427
-4.466717		3.213009
-4.493819		3.213514
-4.520816		3.213944
-4.547708		3.214299
-4.574497		3.214581
-4.601182		3.214791
-4.627764		3.214928
-4.654244		3.214995
-4.680623		3.214992
-4.706900		3.214919
-4.733078		3.214778
-4.759155		3.214569
-4.785134		3.214293
-4.811014		3.213950
-4.836795		3.213543
-4.862480		3.213070
-4.888067		3.212533
-4.913558		3.211933
-4.938953		3.211271
-4.964252		3.210546
-4.989457		3.209760
-5.014568		3.208913
-5.039584		3.208007
-5.064507		3.207041
-5.089338		3.206016
-5.114076		3.204933
-5.138722		3.203792
-5.163277		3.202594
-5.187741		3.201340
-5.212115		3.200031
-5.236399		3.198666
-5.260593		3.197246
-5.284698		3.195772
-5.308715		3.194245
-5.332643		3.192665
-5.356484		3.191032
-5.380238		3.189347
-5.403904		3.187611
-5.427485		3.185824
-5.450979		3.183986
-5.474388		3.182098
-5.497712		3.180161
-5.520951		3.178175
-5.544106		3.176140
-5.567176		3.174058
-5.590164		3.171927
-5.613068		3.169750
-5.635889		3.167526
-5.658629		3.165255
-5.681286		3.162939
-5.703861		3.160577
-5.726356		3.158170
-5.748769		3.155719
-5.771102		3.153223
-5.793355		3.150684
-5.815529		3.148102
-5.837622		3.145476
-5.859637		3.142808
-5.881573		3.140097
-5.903431		3.137345
-5.925211		3.134551
-5.946913		3.131717
-5.968538		3.128841
-5.990086		3.125925
-6.011557		3.122969
-6.032952		3.119974
-6.054270		3.116939
-6.075513		3.113865
-6.096681		3.110753
-6.117774		3.107602
-6.138792		3.104413
-6.159735		3.101187
-6.180604		3.097923
-6.201400		3.094623
-6.222122		3.091285
-6.242770		3.087912
-6.263346		3.084502
-6.283849		3.081056
-6.304280		3.077575
-6.324638		3.074059
-6.344925		3.070507
-6.365141		3.066921
-6.385285		3.063301
-6.405358		3.059647
-6.425360		3.055959
-6.445292		3.052238
-6.465154		3.048483
-6.484946		3.044695
-6.504668		3.040875
-6.524321		3.037022
-6.543905		3.033137
-6.563420		3.029220
-6.582866		3.025272
-6.602244		3.021292
-6.621554		3.017281
-6.640796		3.013239
-6.659970		3.009166
-6.679078		3.005063
-6.698117		3.000930
-6.717091		2.996767
-6.735997		2.992574
-6.754837		2.988351
-6.773611		2.984099
-6.792319		2.979819
-6.810961		2.975509
-6.829538		2.971171
-6.848049		2.966804
-6.866496		2.962409
-6.884878		2.957986
-6.903195		2.953536
-6.921447		2.949058
-6.939636		2.944552
-6.957760		2.940020
-6.975821		2.935460
-6.993818		2.930874
-7.011752		2.926261
-7.029623		2.921622
-7.047431		2.916957
-7.065176		2.912266
-7.082859		2.907549
-7.100479		2.902806
-7.118038		2.898038
-7.135534		2.893245
-7.152969		2.888427
-7.170342		2.883584
-7.187654		2.878716
-7.204905		2.873824
-7.222094		2.868908
-7.239224		2.863967
-7.256292		2.859003
-7.273300		2.854014
-7.290248		2.849002
-7.307136		2.843967
-7.323964		2.838908
-7.340732		2.833826
-7.357441		2.828722
-7.374091		2.823594
-7.390681		2.818444
-7.407213		2.813271
-7.423685		2.808076
-7.440100		2.802859
-7.456455		2.797620
-7.472753		2.792358
-7.488992		2.787076
-7.505173		2.781771
-7.521297		2.776445
-7.537363		2.771098
-7.553371		2.765730
-7.569322		2.760341
-7.585216		2.754931
-7.601053		2.749500
-7.616834		2.744049
-7.632557		2.738577
-7.648224		2.733086
-7.663835		2.727573
-7.679389		2.722041
-7.694888		2.716489
-7.710330		2.710918
-7.725717		2.705326
-7.741048		2.699716
-7.756324		2.694086
-7.771545		2.688436
-7.786710		2.682768
-7.801820		2.677080
-7.816875		2.671374
-7.831876		2.665649
-7.846822		2.659906
-7.861713		2.654144
-7.876551		2.648364
-7.891334		2.642565
-7.906062		2.636749
-7.920737		2.630914
-7.935359		2.625061
-7.949926		2.619191
-7.964440		2.613303
-7.978901		2.607398
-7.993308		2.601475
-8.007663		2.595535
-8.021964		2.589578
-8.036213		2.583604
-8.050408		2.577612
-8.064551		2.571604
-8.078642		2.565580
-8.092680		2.559538
-8.106666		2.553480
-8.120600		2.547406
-8.134482		2.541315
-8.148312		2.535208
-8.162090		2.529085
-8.175816		2.522946
-8.189491		2.516791
-8.203115		2.510620
-8.216687		2.504434
-8.230208		2.498232
-8.243678		2.492014
-8.257097		2.485781
-8.270466		2.479533
-8.283783		2.473270
-8.297050		2.466991
-8.310266		2.460697
-8.323433		2.454389
-8.336548		2.448066
-8.349614		2.441727
-8.362629		2.435375
-8.375595		2.429007
-8.388510		2.422626
-8.401376		2.416230
-8.414193		2.409819
-8.426959		2.403395
-8.439677		2.396956
-8.452345		2.390503
-8.464963		2.384037
-8.477533		2.377556
-8.490054		2.371062
-8.502525		2.364554
-8.514948		2.358033
-8.527322		2.351498
-8.539647		2.344950
-8.551924		2.338388
-8.564153		2.331813
-8.576333		2.325225
-8.588465		2.318624
-8.600548		2.312010
-8.612584		2.305382
-8.624571		2.298743
-8.636511		2.292090
-8.648403		2.285424
-8.660247		2.278746
-8.672044		2.272056
-8.683793		2.265353
-8.695495		2.258638
-8.707149		2.251910
-8.718756		2.245170
-8.730316		2.238418
-8.741829		2.231654
-8.753295		2.224878
-8.764714		2.218090
-8.776086		2.211290
-8.787411		2.204479
-8.798690		2.197655
-8.809922		2.190820
-8.821108		2.183974
-8.832247		2.177116
-8.843340		2.170246
-8.854387		2.163366
-8.865387		2.156474
-8.876342		2.149570
-8.887250		2.142656
-8.898113		2.135730
-8.908929		2.128794
-8.919700		2.121847
-8.930425		2.114888
-8.941105		2.107919
-8.951739		2.100939
-8.962328		2.093949
-8.972871		2.086948
-8.983369		2.079936
-8.993822		2.072914
-9.004229		2.065882
-9.014592		2.058839
-9.024909		2.051786
-9.035182		2.044722
-9.045409		2.037649
-9.055592		2.030565
-9.065730		2.023472
-9.075824		2.016368
-9.085873		2.009255
-9.095877		2.002131
-9.105837		1.994998
-9.115752		1.987855
-9.125624		1.980703
-9.135451		1.973541
-9.145233		1.966369
-9.154972		1.959188
-9.164667		1.951997
-9.174317		1.944797
-9.183924		1.937588
-9.193487		1.930370
-9.203006		1.923142
-9.212482		1.915905
-9.221913		1.908659
-9.231302		1.901404
-9.240646		1.894141
-9.249947		1.886868
-9.259205		1.879586
-9.268420		1.872296
-9.277591		1.864997
-9.286719		1.857689
-9.295803		1.850372
-9.304845		1.843047
-9.313844		1.835713
-9.322799		1.828371
-9.331712		1.821021
-9.340582		1.813662
-9.349409		1.806295
-9.358193		1.798919
-9.366935		1.791536
-9.375634		1.784144
-9.384290		1.776744
-9.392904		1.769336
-9.401476		1.761920
-9.410005		1.754496
-9.418491		1.747065
-9.426936		1.739625
-9.435338		1.732177
-9.443698		1.724722
-9.452015		1.717259
-9.460291		1.709789
-9.468525		1.702311
-9.476716		1.694825
-9.484866		1.687332
-9.492974		1.679831
-9.501040		1.672323
-9.509064		1.664808
-9.517047		1.657285
-9.524988		1.649755
-9.532887		1.642218
-9.540745		1.634674
-9.548561		1.627122
-9.556335		1.619564
-9.564069		1.611998
-9.571760		1.604426
-9.579411		1.596846
-9.587020		1.589260
-9.594588		1.581667
-9.602115		1.574067
-9.609600		1.566460
-9.617045		1.558847
-9.624448		1.551227
-9.631811		1.543600
-9.639132		1.535967
-9.646413		1.528327
-9.653652		1.520681
-9.660851		1.513029
-9.668009		1.505370
-9.675127		1.497704
-9.682203		1.490033
-9.689239		1.482355
-9.696234		1.474671
-9.703189		1.466980
-9.710103		1.459284
-9.716977		1.451581
-9.723810		1.443873
-9.730603		1.436158
-9.737356		1.428438
-9.744068		1.420711
-9.750740		1.412979
-9.757372		1.405241
-9.763963		1.397497
-9.770514		1.389747
-9.777025		1.381992
-9.783496		1.374231
-9.789927		1.366464
-9.796318		1.358692
-9.802669		1.350914
-9.808980		1.343131
-9.815251		1.335342
-9.821483		1.327548
-9.827674		1.319748
-9.833826		1.311943
-9.839938		1.304133
-9.846010		1.296317
-9.852042		1.288497
-9.858035		1.280671
-9.863988		1.272840
-9.869902		1.265003
-9.875776		1.257162
-9.881611		1.249316
-9.887406		1.241465
-9.893162		1.233608
-9.898878		1.225747
-9.904555		1.217881
-9.910192		1.210010
-9.915790		1.202135
-9.921349		1.194254
-9.926869		1.186369
-9.932349		1.178479
-9.937791		1.170585
-9.943193		1.162686
-9.948556		1.154782
-9.953880		1.146874
-9.959164		1.138961
-9.964410		1.131044
-9.969617		1.123123
-9.974785		1.115197
-9.979914		1.107266
-9.985003		1.099332
-9.990055		1.091393
-9.995067		1.083450
-10.000040		1.075502
-10.004975		1.067551
-10.009870		1.059595
-10.014727		1.051635
-10.019546		1.043671
-10.024325		1.035703
-10.029066		1.027732
-10.033769		1.019756
-10.038432		1.011776
-10.043057		1.003792
-10.047644		0.995805
-10.052192		0.987813
-10.056702		0.979818
-10.061173		0.971819
-10.065605		0.963817
-10.069999		0.955811
-10.074355		0.947801
-10.078672		0.939787
-10.082951		0.931770
-10.087192		0.923749
-10.091394		0.915725
-10.095558		0.907698
-10.099684		0.899667
-10.103771		0.891632
-10.107821		0.883594
-10.111832		0.875553
-10.115805		0.867509
-10.119739		0.859461
-10.123636		0.851410
-10.127495		0.843356
-10.131315		0.835298
-10.135097		0.827238
-10.138841		0.819174
-10.142548		0.811107
-10.146216		0.803038
-10.149846		0.794965
-10.153438		0.786889
-10.156993		0.778811
-10.160509		0.770729
-10.163988		0.762645
-10.167428		0.754557
-10.170831		0.746467
-10.174196		0.738374
-10.177523		0.730279
-10.180812		0.722180
-10.184063		0.714079
-10.187277		0.705976
-10.190453		0.697869
-10.193591		0.689760
-10.196691		0.681649
-10.199754		0.673535
-10.202779		0.665419
-10.205766		0.657300
-10.208715		0.649178
-10.211627		0.641055
-10.214502		0.632929
-10.217338		0.624800
-10.220137		0.616670
-10.222899		0.608537
-10.225623		0.600401
-10.228309		0.592264
-10.230958		0.584124
-10.233569		0.575983
-10.236143		0.567839
-10.238679		0.559693
-10.241178		0.551545
-10.243639		0.543395
-10.246063		0.535243
-10.248449		0.527089
-10.250798		0.518933
-10.253109		0.510775
-10.255383		0.502616
-10.257620		0.494454
-10.259819		0.486291
-10.261981		0.478126
-10.264106		0.469959
-10.266193		0.461791
-10.268243		0.453621
-10.270255		0.445449
-10.272230		0.437275
-10.274168		0.429100
-10.276069		0.420924
-10.277932		0.412746
-10.279758		0.404566
-10.281547		0.396385
-10.283298		0.388203
-10.285012		0.380019
-10.286689		0.371833
-10.288329		0.363647
-10.289931		0.355459
-10.291497		0.347270
-10.293025		0.339079
-10.294516		0.330887
-10.295969		0.322694
-10.297386		0.314500
-10.298765		0.306305
-10.300107		0.298109
-10.301412		0.289911
-10.302680		0.281713
-10.303911		0.273514
-10.305104		0.265313
-10.306260		0.257112
-10.307380		0.248909
-10.308462		0.240706
-10.309507		0.232502
-10.310515		0.224297
-10.311485		0.216092
-10.312419		0.207885
-10.313316		0.199678
-10.314175		0.191470
-10.314997		0.183261
-10.315783		0.175052
-10.316531		0.166842
-10.317242		0.158631
-10.317916		0.150420
-10.318553		0.142209
-10.319153		0.133996
-10.319716		0.125784
-10.320242		0.117571
-10.320730		0.109357
-10.321182		0.101143
-10.321597		0.092929
-10.321974		0.084714
-10.322315		0.076499
-10.322618		0.068284
-10.322884		0.060069
-10.323114		0.051853
-10.323306		0.043637
-10.323461		0.035421
-10.323580		0.027205
-10.323661		0.018989
-10.323705		0.010773
-10.323712		0.002556
-10.323682		-0.005660
-10.323615		-0.013876
-10.323511		-0.022093
-10.323370		-0.030309
-10.323192		-0.038525
-10.322977		-0.046741
-10.322725		-0.054957
-10.322435		-0.063172
-10.322109		-0.071387
-10.321746		-0.079603
-10.321345		-0.087817
-10.320908		-0.096032
-10.320434		-0.104246
-10.319922		-0.112460
-10.319373		-0.120673
-10.318788		-0.128886
-10.318165		-0.137099
-10.317505		-0.145311
-10.316808		-0.153522
-10.316074		-0.161733
-10.315303		-0.169943
-10.314495		-0.178153
-10.313650		-0.186362
-10.312767		-0.194570
-10.311848		-0.202778
-10.310891		-0.210985
-10.309898		-0.219191
-10.308867		-0.227397
-10.307799		-0.235601
-10.306694		-0.243805
-10.305552		-0.252008
-10.304373		-0.260210
-10.303156		-0.268411
-10.301903		-0.276611
-10.300612		-0.284810
-10.299284		-0.293008
-10.297919		-0.301205
-10.296517		-0.309401
-10.295077		-0.317596
-10.293601		-0.325789
-10.292087		-0.333982
-10.290536		-0.342173
-10.288947		-0.350363
-10.287322		-0.358552
-10.285659		-0.366739
-10.283959		-0.374925
-10.282222		-0.383110
-10.280447		-0.391293
-10.278636		-0.399475
-10.276787		-0.407656
-10.274900		-0.415835
-10.272977		-0.424012
-10.271016		-0.432188
-10.269017		-0.440363
-10.266982		-0.448536
-10.264909		-0.456707
-10.262798		-0.464876
-10.260651		-0.473044
-10.258466		-0.481210
-10.256243		-0.489375
-10.253983		-0.497537
-10.251686		-0.505698
-10.249351		-0.513857
-10.246979		-0.522014
-10.244570		-0.530169
-10.242123		-0.538322
-10.239638		-0.546473
-10.237116		-0.554622
-10.234557		-0.562770
-10.231959		-0.570915
-10.229325		-0.579058
-10.226653		-0.587198
-10.223943		-0.595337
-10.221196		-0.603474
-10.218411		-0.611608
-10.215588		-0.619740
-10.212728		-0.627870
-10.209831		-0.635997
-10.206895		-0.644122
-10.203922		-0.652245
-10.200911		-0.660366
-10.197863		-0.668483
-10.194777		-0.676599
-10.191653		-0.684712
-10.188491		-0.692822
-10.185292		-0.700930
-10.182055		-0.709035
-10.178780		-0.717138
-10.175467		-0.725238
-10.172116		-0.733335
-10.168728		-0.741429
-10.165301		-0.749521
-10.161837		-0.757610
-10.158335		-0.765696
-10.154795		-0.773779
-10.151217		-0.781860
-10.147600		-0.789937
-10.143946		-0.798012
-10.140254		-0.806083
-10.136524		-0.814152
-10.132756		-0.822217
-10.128950		-0.830279
-10.125105		-0.838339
-10.121223		-0.846395
-10.117302		-0.854447
-10.113344		-0.862497
-10.109347		-0.870543
-10.105312		-0.878586
-10.101238		-0.886626
-10.097127		-0.894663
-10.092977		-0.902696
-10.088789		-0.910725
-10.084562		-0.918751
-10.080297		-0.926774
-10.075994		-0.934793
-10.071653		-0.942809
-10.067273		-0.950821
-10.062854		-0.958829
-10.058397		-0.966833
-10.053902		-0.974834
-10.049368		-0.982832
-10.044796		-0.990825
-10.040185		-0.998815
-10.035535		-1.006801
-10.030847		-1.014782
-10.026120		-1.022760
-10.021355		-1.030735
-10.016550		-1.038705
-10.011707		-1.046671
-10.006826		-1.054633
-10.001905		-1.062591
-9.996946		-1.070545
-9.991948		-1.078494
-9.986911		-1.086440
-9.981835		-1.094381
-9.976720		-1.102318
-9.971567		-1.110251
-9.966374		-1.118179
-9.961142		-1.126103
-9.955872		-1.134022
-9.950562		-1.141937
-9.945213		-1.149848
-9.939825		-1.157754
-9.934398		-1.165656
-9.928931		-1.173553
-9.923426		-1.181445
-9.917881		-1.189332
-9.912297		-1.197215
-9.906674		-1.205093
-9.901011		-1.212967
-9.895309		-1.220835
-9.889567		-1.228699
-9.883786		-1.236558
-9.877966		-1.244412
-9.872105		-1.252261
-9.866206		-1.260104
-9.860267		-1.267943
-9.854288		-1.275777
-9.848270		-1.283605
-9.842211		-1.291429
-9.836114		-1.299247
-9.829976		-1.307060
-9.823799		-1.314867
-9.817581		-1.322670
-9.811324		-1.330467
-9.805027		-1.338258
-9.798690		-1.346044
-9.792313		-1.353825
-9.785897		-1.361600
-9.779440		-1.369369
-9.772942		-1.377133
-9.766405		-1.384891
-9.759828		-1.392644
-9.753210		-1.400391
-9.746552		-1.408132
-9.739854		-1.415867
-9.733116		-1.423596
-9.726337		-1.431319
-9.719518		-1.439037
-9.712658		-1.446748
-9.705758		-1.454454
-9.698817		-1.462153
-9.691836		-1.469846
-9.684814		-1.477533
-9.677751		-1.485214
-9.670648		-1.492889
-9.663504		-1.500557
-9.656319		-1.508219
-9.649093		-1.515875
-9.641827		-1.523524
-9.634519		-1.531167
-9.627171		-1.538803
-9.619781		-1.546433
-9.612351		-1.554056
-9.604879		-1.561672
-9.597366		-1.569282
-9.589812		-1.576885
-9.582217		-1.584481
-9.574581		-1.592070
-9.566903		-1.599653
-9.559184		-1.607229
-9.551423		-1.614797
-9.543621		-1.622359
-9.535777		-1.629913
-9.527892		-1.637461
-9.519965		-1.645001
-9.511996		-1.652534
-9.503986		-1.660060
-9.495934		-1.667579
-9.487840		-1.675090
-9.479704		-1.682593
-9.471526		-1.690090
-9.463307		-1.697579
-9.455045		-1.705060
-9.446741		-1.712534
-9.438395		-1.720000
-9.430007		-1.727458
-9.421577		-1.734909
-9.413104		-1.742352
-9.404589		-1.749787
-9.396031		-1.757214
-9.387431		-1.764633
-9.378789		-1.772044
-9.370104		-1.779447
-9.361376		-1.786843
-9.352605		-1.794229
-9.343792		-1.801608
-9.334936		-1.808979
-9.326037		-1.816341
-9.317096		-1.823695
-9.308111		-1.831040
-9.299083		-1.838377
-9.290012		-1.845705
-9.280898		-1.853025
-9.271741		-1.860336
-9.262540		-1.867639
-9.253296		-1.874932
-9.244009		-1.882217
-9.234678		-1.889494
-9.225304		-1.896761
-9.215886		-1.904019
-9.206424		-1.911268
-9.196919		-1.918508
-9.187370		-1.925739
-9.177777		-1.932961
-9.168140		-1.940174
-9.158459		-1.947377
-9.148735		-1.954571
-9.138966		-1.961755
-9.129152		-1.968930
-9.119295		-1.976096
-9.109393		-1.983252
-9.099447		-1.990398
-9.089457		-1.997534
-9.079422		-2.004661
-9.069342		-2.011778
-9.059218		-2.018885
-9.049049		-2.025982
-9.038835		-2.033069
-9.028576		-2.040145
-9.018272		-2.047212
-9.007924		-2.054269
-8.997530		-2.061315
-8.987091		-2.068351
-8.976607		-2.075376
-8.966077		-2.082391
-8.955502		-2.089395
-8.944882		-2.096389
-8.934216		-2.103372
-8.923505		-2.110345
-8.912747		-2.117306
-8.901944		-2.124257
-8.891096		-2.131197
-8.880201		-2.138125
-8.869260		-2.145043
-8.858273		-2.151950
-8.847240		-2.158845
-8.836161		-2.165729
-8.825035		-2.172602
-8.813864		-2.179463
-8.802645		-2.186313
-8.791380		-2.193151
-8.780068		-2.199977
-8.768710		-2.206792
-8.757305		-2.213595
-8.745852		-2.220386
-8.734353		-2.227166
-8.722807		-2.233933
-8.711214		-2.240688
-8.699573		-2.247431
-8.687885		-2.254162
-8.676150		-2.260880
-8.664367		-2.267586
-8.652536		-2.274280
-8.640658		-2.280961
-8.628732		-2.287630
-8.616758		-2.294285
-8.604736		-2.300928
-8.592666		-2.307559
-8.580547		-2.314176
-8.568381		-2.320780
-8.556166		-2.327371
-8.543903		-2.333949
-8.531591		-2.340514
-8.519231		-2.347065
-8.506821		-2.353603
-8.494363		-2.360127
-8.481857		-2.366638
-8.469300		-2.373135
-8.456695		-2.379619
-8.444041		-2.386088
-8.431337		-2.392544
-8.418584		-2.398985
-8.405781		-2.405412
-8.392929		-2.411826
-8.380027		-2.418225
-8.367075		-2.424609
-8.354073		-2.430979
-8.341021		-2.437334
-8.327919		-2.443675
-8.314766		-2.450001
-8.301563		-2.456312
-8.288310		-2.462609
-8.275006		-2.468890
