 x		y
1.100000		0.000000
1.099984		0.006283
1.099935		0.012566
1.099853		0.018849
1.099739		0.025131
1.099592		0.031412
1.099413		0.037693
1.099201		0.043972
1.098956		0.050250
1.098679		0.056526
1.098369		0.062801
1.098027		0.069074
1.097652		0.075345
1.097245		0.081614
1.096805		0.087880
1.096332		0.094143
1.095827		0.100404
1.095290		0.106662
1.094720		0.112917
1.094118		0.119168
1.093483		0.125416
1.092816		0.131660
1.092117		0.137900
1.091385		0.144137
1.090621		0.150369
1.089825		0.156596
1.088996		0.162819
1.088135		0.169037
1.087242		0.175250
1.086317		0.181458
1.085360		0.187660
1.084371		0.193857
1.083350		0.200048
1.082297		0.206233
1.081211		0.212412
1.080094		0.218585
1.078945		0.224752
1.077765		0.230912
1.076552		0.237065
1.075308		0.243211
1.074032		0.249350
1.072724		0.255481
1.071385		0.261605
1.070015		0.267722
1.068613		0.273830
1.067179		0.279930
1.065714		0.286023
1.064218		0.292106
1.062690		0.298181
1.061131		0.304248
1.059542		0.310305
1.057921		0.316354
1.056269		0.322393
1.054586		0.328422
1.052872		0.334443
1.051127		0.340453
1.049352		0.346453
1.047546		0.352443
1.045709		0.358423
1.043842		0.364392
1.041944		0.370351
1.040016		0.376299
1.038057		0.382236
1.036068		0.388162
1.034049		0.394076
1.032000		0.399979
1.029921		0.405870
1.027812		0.411750
1.025672		0.417618
1.023504		0.423473
1.021305		0.429316
1.019077		0.435147
1.016819		0.440965
1.014531		0.446770
1.012215		0.452562
1.009869		0.458341
1.007493		0.464107
1.005089		0.469860
1.002655		0.475599
1.000193		0.481324
0.997702		0.487035
0.995182		0.492732
0.992633		0.498415
0.990055		0.504084
0.987450		0.509738
0.984815		0.515378
0.982153		0.521002
0.979462		0.526612
0.976743		0.532207
0.973996		0.537786
0.971221		0.543350
0.968418		0.548898
0.965588		0.554431
0.962730		0.559948
0.959844		0.565448
0.956931		0.570933
0.953991		0.576401
0.951024		0.581853
0.948029		0.587288
0.945008		0.592707
0.941959		0.598109
0.938884		0.603494
0.935782		0.608861
0.932654		0.614212
0.929499		0.619544
0.926318		0.624860
0.923110		0.630158
0.919877		0.635437
0.916618		0.640699
0.913332		0.645943
0.910021		0.651169
0.906684		0.656376
0.903322		0.661565
0.899935		0.666735
0.896522		0.671887
0.893084		0.677019
0.889620		0.682133
0.886132		0.687227
0.882619		0.692303
0.879082		0.697358
0.875520		0.702395
0.871933		0.707412
0.868322		0.712409
0.864687		0.717386
0.861028		0.722343
0.857345		0.727280
0.853638		0.732197
0.849907		0.737094
0.846153		0.741970
0.842376		0.746826
0.838575		0.751661
0.834750		0.756475
0.830903		0.761268
0.827033		0.766041
0.823140		0.770792
0.819225		0.775522
0.815287		0.780231
0.811326		0.784918
0.807344		0.789583
0.803339		0.794227
0.799312		0.798850
0.795263		0.803450
0.791193		0.808029
0.787101		0.812585
0.782987		0.817119
0.778852		0.821631
0.774696		0.826121
0.770519		0.830588
0.766321		0.835033
0.762102		0.839455
0.757863		0.843854
0.753603		0.848231
0.749323		0.852584
0.745022		0.856915
0.740702		0.861222
0.736361		0.865506
0.732001		0.869767
0.727621		0.874005
0.723221		0.878219
0.718802		0.882409
0.714364		0.886576
0.709907		0.890720
0.705430		0.894839
0.700935		0.898934
0.696421		0.903006
0.691889		0.907054
0.687338		0.911077
0.682769		0.915076
0.678182		0.919051
0.673577		0.923002
0.668954		0.926928
0.664314		0.930829
0.659656		0.934707
0.654980		0.938559
0.650288		0.942387
0.645578		0.946190
0.640851		0.949968
0.636107		0.953721
0.631347		0.957449
0.626570		0.961152
0.621777		0.964830
0.616968		0.968483
0.612142		0.972111
0.607301		0.975713
0.602443		0.979290
0.597570		0.982841
0.592682		0.986367
0.587778		0.989867
0.582859		0.993342
0.577925		0.996791
0.572976		1.000215
0.568013		1.003612
0.563034		1.006984
0.558042		1.010330
0.553035		1.013650
0.548013		1.016944
0.542978		1.020212
0.537929		1.023454
0.532866		1.026669
0.527789		1.029859
0.522699		1.033022
0.517596		1.036159
0.512479		1.039269
0.507350		1.042354
0.502208		1.045412
0.497053		1.048443
0.491885		1.051448
0.486705		1.054426
0.481513		1.057378
0.476308		1.060303
0.471092		1.063202
0.465864		1.066074
0.460624		1.068919
0.455373		1.071737
0.450110		1.074529
0.444836		1.077293
0.439551		1.080031
0.434255		1.082742
0.428948		1.085426
0.423630		1.088083
0.418302		1.090713
0.412964		1.093316
0.407615		1.095892
0.402257		1.098441
0.396888		1.100963
0.391510		1.103458
0.386122		1.105926
0.380724		1.108366
0.375318		1.110779
0.369902		1.113165
0.364477		1.115524
0.359043		1.117856
0.353600		1.120160
0.348149		1.122437
0.342689		1.124687
0.337221		1.126909
0.331744		1.129105
0.326260		1.131272
0.320768		1.133413
0.315268		1.135526
0.309760		1.137611
0.304245		1.139670
0.298723		1.141700
0.293194		1.143704
0.287657		1.145680
0.282114		1.147628
0.276563		1.149549
0.271007		1.151443
0.265443		1.153309
0.259874		1.155148
0.254298		1.156959
0.248716		1.158742
0.243128		1.160499
0.237535		1.162227
0.231936		1.163929
0.226331		1.165602
0.220722		1.167249
0.215106		1.168868
0.209486		1.170459
0.203861		1.172023
0.198231		1.173559
0.192597		1.175068
0.186958		1.176549
0.181315		1.178003
0.175667		1.179430
0.170015		1.180829
0.164360		1.182200
0.158700		1.183544
0.153037		1.184861
0.147370		1.186150
0.141700		1.187412
0.136027		1.188646
0.130351		1.189853
0.124671		1.191033
0.118989		1.192185
0.113304		1.193310
0.107616		1.194407
0.101926		1.195477
0.096233		1.196520
0.090539		1.197536
0.084842		1.198524
0.079143		1.199485
0.073443		1.200419
0.067741		1.201325
0.062037		1.202204
0.056332		1.203056
0.050626		1.203881
0.044918		1.204679
0.039210		1.205449
0.033500		1.206192
0.027790		1.206909
0.022080		1.207598
0.016368		1.208260
0.010657		1.208895
0.004945		1.209503
-0.000767		1.210084
-0.006479		1.210639
-0.012191		1.211166
-0.017902		1.211666
-0.023614		1.212139
-0.029324		1.212586
-0.035034		1.213006
-0.040743		1.213399
-0.046452		1.213765
-0.052159		1.214104
-0.057865		1.214417
-0.063570		1.214703
-0.069273		1.214962
-0.074975		1.215195
-0.080675		1.215401
-0.086374		1.215581
-0.092071		1.215734
-0.097765		1.215861
-0.103458		1.215961
-0.109148		1.216035
-0.114836		1.216082
-0.120521		1.216103
-0.126204		1.216098
-0.131884		1.216067
-0.137561		1.216009
-0.143236		1.215925
-0.148907		1.215815
-0.154575		1.215679
-0.160240		1.215516
-0.165901		1.215328
-0.171558		1.215114
-0.177212		1.214873
-0.182863		1.214607
-0.188509		1.214315
-0.194151		1.213997
-0.199790		1.213654
-0.205424		1.213284
-0.211053		1.212889
-0.216678		1.212468
-0.222299		1.212022
-0.227915		1.211550
-0.233526		1.211052
-0.239132		1.210529
-0.244733		1.209981
-0.250329		1.209407
-0.255920		1.208808
-0.261505		1.208183
-0.267085		1.207534
-0.272660		1.206859
-0.278228		1.206159
-0.283791		1.205433
-0.289348		1.204683
-0.294899		1.203908
-0.300444		1.203108
-0.305983		1.202283
-0.311515		1.201433
-0.317041		1.200558
-0.322560		1.199658
-0.328073		1.198734
-0.333579		1.197785
-0.339078		1.196812
-0.344570		1.195814
-0.350056		1.194791
-0.355533		1.193744
-0.361004		1.192673
-0.366467		1.191577
-0.371923		1.190457
-0.377372		1.189313
-0.382812		1.188144
-0.388245		1.186952
-0.393670		1.185735
-0.399087		1.184495
-0.404496		1.183230
-0.409897		1.181942
-0.415289		1.180630
-0.420673		1.179294
-0.426049		1.177934
-0.431416		1.176551
-0.436775		1.175144
-0.442124		1.173713
-0.447465		1.172259
-0.452797		1.170782
-0.458120		1.169281
-0.463434		1.167757
-0.468738		1.166209
-0.474034		1.164639
-0.479319		1.163045
-0.484596		1.161428
-0.489862		1.159789
-0.495119		1.158126
-0.500367		1.156440
-0.505604		1.154732
-0.510831		1.153001
-0.516049		1.151247
-0.521256		1.149470
-0.526453		1.147671
-0.531639		1.145850
-0.536816		1.144006
-0.541981		1.142139
-0.547136		1.140251
-0.552281		1.138340
-0.557415		1.136407
-0.562537		1.134451
-0.567649		1.132474
-0.572750		1.130475
-0.577840		1.128453
-0.582918		1.126410
-0.587986		1.124345
-0.593042		1.122259
-0.598086		1.120151
-0.603119		1.118021
-0.608140		1.115869
-0.613150		1.113696
-0.618148		1.111502
-0.623134		1.109286
-0.628108		1.107050
-0.633070		1.104791
-0.638020		1.102512
-0.642957		1.100212
-0.647883		1.097891
-0.652796		1.095549
-0.657697		1.093186
-0.662585		1.090802
-0.667460		1.088397
-0.672323		1.085972
-0.677174		1.083526
-0.682011		1.081060
-0.686835		1.078573
-0.691647		1.076066
-0.696445		1.073539
-0.701231		1.070991
-0.706003		1.068424
-0.710762		1.065836
-0.715507		1.063228
-0.720239		1.060600
-0.724958		1.057953
-0.729663		1.055285
-0.734355		1.052598
-0.739032		1.049891
-0.743696		1.047165
-0.748346		1.044419
-0.752982		1.041654
-0.757605		1.038869
-0.762213		1.036065
-0.766806		1.033242
-0.771386		1.030399
-0.775952		1.027538
-0.780503		1.024657
-0.785039		1.021758
-0.789562		1.018840
-0.794069		1.015903
-0.798562		1.012947
-0.803040		1.009973
-0.807504		1.006980
-0.811953		1.003968
-0.816387		1.000938
-0.820805		0.997890
-0.825209		0.994824
-0.829598		0.991739
-0.833972		0.988636
-0.838330		0.985516
-0.842673		0.982377
-0.847001		0.979220
-0.851313		0.976046
-0.855610		0.972854
-0.859892		0.969644
-0.864157		0.966417
-0.868408		0.963172
-0.872642		0.959909
-0.876861		0.956630
-0.881063		0.953333
-0.885250		0.950018
-0.889421		0.946687
-0.893576		0.943339
-0.897715		0.939973
-0.901837		0.936591
-0.905944		0.933192
-0.910034		0.929776
-0.914108		0.926344
-0.918166		0.922895
-0.922207		0.919429
-0.926231		0.915947
-0.930239		0.912449
-0.934231		0.908934
-0.938206		0.905403
-0.942164		0.901856
-0.946105		0.898293
-0.950030		0.894714
-0.953937		0.891119
-0.957828		0.887508
-0.961702		0.883882
-0.965558		0.880240
-0.969398		0.876582
-0.973221		0.872909
-0.977026		0.869220
-0.980814		0.865516
-0.984585		0.861797
-0.988338		0.858063
-0.992074		0.854313
-0.995792		0.850548
-0.999493		0.846769
-1.003177		0.842975
-1.006843		0.839165
-1.010491		0.835341
-1.014122		0.831503
-1.017734		0.827650
-1.021329		0.823782
-1.024906		0.819900
-1.028466		0.816004
-1.032007		0.812094
-1.035530		0.808169
-1.039035		0.804230
-1.042523		0.800278
-1.045992		0.796311
-1.049442		0.792330
-1.052875		0.788336
-1.056289		0.784328
-1.059685		0.780307
-1.063063		0.776272
-1.066422		0.772223
-1.069763		0.768161
-1.073086		0.764086
-1.076389		0.759998
-1.079675		0.755897
-1.082941		0.751782
-1.086189		0.747655
-1.089419		0.743514
-1.092629		0.739361
-1.095821		0.735196
-1.098994		0.731017
-1.102148		0.726826
-1.105283		0.722623
-1.108399		0.718407
-1.111496		0.714179
-1.114575		0.709939
-1.117634		0.705686
-1.120674		0.701421
-1.123695		0.697145
-1.126696		0.692856
-1.129679		0.688556
-1.132642		0.684244
-1.135586		0.679921
-1.138510		0.675585
-1.141416		0.671239
-1.144301		0.666880
-1.147168		0.662511
-1.150015		0.658130
-1.152842		0.653738
-1.155650		0.649335
-1.158438		0.644921
-1.161206		0.640496
-1.163955		0.636061
-1.166685		0.631614
-1.169394		0.627157
-1.172084		0.622689
-1.174754		0.618211
-1.177404		0.613722
-1.180034		0.609223
-1.182645		0.604714
-1.185235		0.600194
-1.187806		0.595665
-1.190356		0.591125
-1.192887		0.586575
-1.195397		0.582016
-1.197887		0.577447
-1.200358		0.572868
-1.202808		0.568279
-1.205238		0.563681
-1.207648		0.559073
-1.210037		0.554457
-1.212406		0.549830
-1.214755		0.545195
-1.217084		0.540550
-1.219392		0.535897
-1.221680		0.531234
-1.223948		0.526563
-1.226195		0.521883
-1.228422		0.517194
-1.230628		0.512497
-1.232813		0.507791
-1.234979		0.503076
-1.237123		0.498353
-1.239247		0.493622
-1.241351		0.488883
-1.243433		0.484135
-1.245495		0.479380
-1.247537		0.474616
-1.249558		0.469845
-1.251557		0.465066
-1.253537		0.460279
-1.255495		0.455484
-1.257433		0.450682
-1.259349		0.445873
-1.261245		0.441056
-1.263120		0.436232
-1.264975		0.431400
-1.266808		0.426562
-1.268620		0.421716
-1.270412		0.416864
-1.272182		0.412004
-1.273931		0.407138
-1.275660		0.402265
-1.277367		0.397385
-1.279053		0.392499
-1.280718		0.387607
-1.282362		0.382707
-1.283985		0.377802
-1.285587		0.372891
-1.287168		0.367973
-1.288727		0.363049
-1.290265		0.358119
-1.291782		0.353184
-1.293278		0.348242
-1.294753		0.343295
-1.296206		0.338343
-1.297638		0.333384
-1.299048		0.328420
-1.300438		0.323451
-1.301806		0.318477
-1.303152		0.313497
-1.304478		0.308512
-1.305782		0.303522
-1.307064		0.298527
-1.308325		0.293528
-1.309565		0.288523
-1.310783		0.283514
-1.311980		0.278500
-1.313155		0.273481
-1.314309		0.268458
-1.315442		0.263431
-1.316553		0.258399
-1.317642		0.253363
-1.318710		0.248323
-1.319756		0.243279
-1.320781		0.238231
-1.321784		0.233179
-1.322765		0.228124
-1.323725		0.223064
-1.324664		0.218001
-1.325580		0.212934
-1.326475		0.207864
-1.327349		0.202790
-1.328201		0.197714
-1.329031		0.192634
-1.329839		0.187550
-1.330626		0.182464
-1.331391		0.177375
-1.332135		0.172283
-1.332857		0.167188
-1.333557		0.162090
-1.334235		0.156990
-1.334892		0.151887
-1.335526		0.146782
-1.336140		0.141674
-1.336731		0.136564
-1.337301		0.131451
-1.337848		0.126337
-1.338375		0.121221
-1.338879		0.116102
-1.339361		0.110982
-1.339822		0.105860
-1.340261		0.100736
-1.340678		0.095610
-1.341074		0.090483
-1.341447		0.085355
-1.341799		0.080225
-1.342129		0.075094
-1.342437		0.069961
-1.342724		0.064828
-1.342988		0.059693
-1.343231		0.054558
-1.343452		0.049421
-1.343651		0.044284
-1.343828		0.039146
-1.343984		0.034007
-1.344117		0.028868
-1.344229		0.023729
-1.344319		0.018589
-1.344387		0.013448
-1.344433		0.008308
-1.344457		0.003167
-1.344460		-0.001974
-1.344441		-0.007114
-1.344399		-0.012255
-1.344336		-0.017395
-1.344252		-0.022535
-1.344145		-0.027675
-1.344016		-0.032815
-1.343866		-0.037953
-1.343694		-0.043091
-1.343500		-0.048229
-1.343284		-0.053365
-1.343046		-0.058501
-1.342787		-0.063636
-1.342506		-0.068770
-1.342202		-0.073903
-1.341878		-0.079034
-1.341531		-0.084164
-1.341162		-0.089293
-1.340772		-0.094420
-1.340360		-0.099546
-1.339926		-0.104671
-1.339470		-0.109793
-1.338992		-0.114914
-1.338493		-0.120033
-1.337972		-0.125150
-1.337429		-0.130264
-1.336865		-0.135377
-1.336278		-0.140488
-1.335670		-0.145596
-1.335040		-0.150702
-1.334389		-0.155805
-1.333715		-0.160906
-1.333020		-0.166005
-1.332304		-0.171100
-1.331565		-0.176193
-1.330805		-0.181283
-1.330023		-0.186370
-1.329220		-0.191454
-1.328395		-0.196535
-1.327548		-0.201612
-1.326679		-0.206687
-1.325789		-0.211758
-1.324877		-0.216825
-1.323944		-0.221889
-1.322989		-0.226949
-1.322013		-0.232006
-1.321014		-0.237059
-1.319995		-0.242108
-1.318953		-0.247153
-1.317891		-0.252194
-1.316806		-0.257231
-1.315700		-0.262263
-1.314573		-0.267292
-1.313424		-0.272316
-1.312254		-0.277335
-1.311062		-0.282350
-1.309849		-0.287361
-1.308614		-0.292366
-1.307358		-0.297367
-1.306080		-0.302363
-1.304781		-0.307354
-1.303461		-0.312340
-1.302119		-0.317321
-1.300756		-0.322297
-1.299372		-0.327267
-1.297966		-0.332233
-1.296539		-0.337192
-1.295090		-0.342146
-1.293621		-0.347095
-1.292130		-0.352037
-1.290618		-0.356974
-1.289084		-0.361905
-1.287530		-0.366831
-1.285954		-0.371750
-1.284357		-0.376663
-1.282739		-0.381569
-1.281100		-0.386470
-1.279440		-0.391364
-1.277759		-0.396252
-1.276056		-0.401133
-1.274333		-0.406007
-1.272588		-0.410875
-1.270823		-0.415736
-1.269036		-0.420590
-1.267229		-0.425438
-1.265400		-0.430278
-1.263551		-0.435111
-1.261681		-0.439937
-1.259790		-0.444755
-1.257878		-0.449567
-1.255945		-0.454370
-1.253991		-0.459167
-1.252017		-0.463955
-1.250022		-0.468736
-1.248006		-0.473509
-1.245969		-0.478275
-1.243912		-0.483032
-1.241834		-0.487781
-1.239735		-0.492523
-1.237616		-0.497256
-1.235476		-0.501981
-1.233316		-0.506697
-1.231135		-0.511405
-1.228933		-0.516104
-1.226711		-0.520795
-1.224469		-0.525477
-1.222206		-0.530151
-1.219923		-0.534815
-1.217619		-0.539471
-1.215295		-0.544118
-1.212951		-0.548755
-1.210586		-0.553383
-1.208202		-0.558002
-1.205797		-0.562612
-1.203371		-0.567212
-1.200926		-0.571803
-1.198460		-0.576384
-1.195974		-0.580956
-1.193469		-0.585518
-1.190943		-0.590070
-1.188397		-0.594612
-1.185831		-0.599144
-1.183245		-0.603665
-1.180639		-0.608177
-1.178014		-0.612679
-1.175368		-0.617170
-1.172703		-0.621651
-1.170017		-0.626121
-1.167313		-0.630580
-1.164588		-0.635029
-1.161843		-0.639468
-1.159079		-0.643895
-1.156296		-0.648312
-1.153492		-0.652717
-1.150670		-0.657112
-1.147827		-0.661495
-1.144965		-0.665867
-1.142084		-0.670228
-1.139183		-0.674577
-1.136263		-0.678915
-1.133324		-0.683241
-1.130365		-0.687556
-1.127387		-0.691859
-1.124390		-0.696150
-1.121373		-0.700430
-1.118338		-0.704697
-1.115283		-0.708952
-1.112209		-0.713196
-1.109117		-0.717426
-1.106005		-0.721645
-1.102874		-0.725851
-1.099724		-0.730045
-1.096556		-0.734227
-1.093368		-0.738395
-1.090162		-0.742551
-1.086937		-0.746695
-1.083693		-0.750825
-1.080431		-0.754942
-1.077150		-0.759047
-1.073851		-0.763138
-1.070533		-0.767216
-1.067196		-0.771281
-1.063841		-0.775333
-1.060467		-0.779371
-1.057076		-0.783396
-1.053665		-0.787407
-1.050237		-0.791404
-1.046790		-0.795388
-1.043326		-0.799358
-1.039843		-0.803314
-1.036341		-0.807256
-1.032822		-0.811184
-1.029285		-0.815097
-1.025730		-0.818997
-1.022157		-0.822882
-1.018566		-0.826753
-1.014958		-0.830610
-1.011331		-0.834451
-1.007687		-0.838279
-1.004025		-0.842091
-1.000346		-0.845889
-0.996649		-0.849672
-0.992934		-0.853440
-0.989203		-0.857193
-0.985453		-0.860931
-0.981686		-0.864654
-0.977902		-0.868361
-0.974101		-0.872054
-0.970283		-0.875730
-0.966447		-0.879392
-0.962594		-0.883037
-0.958724		-0.886667
-0.954837		-0.890282
-0.950934		-0.893880
-0.947013		-0.897463
-0.943076		-0.901030
-0.939121		-0.904581
-0.935150		-0.908115
-0.931163		-0.911634
-0.927158		-0.915136
-0.923138		-0.918622
-0.919100		-0.922091
-0.915047		-0.925544
-0.910976		-0.928980
-0.906890		-0.932400
-0.902787		-0.935803
-0.898668		-0.939189
-0.894533		-0.942558
-0.890382		-0.945911
-0.886215		-0.949246
-0.882032		-0.952564
-0.877832		-0.955865
-0.873617		-0.959149
-0.869387		-0.962415
-0.865140		-0.965664
-0.860878		-0.968896
-0.856600		-0.972110
-0.852307		-0.975306
-0.847998		-0.978484
-0.843674		-0.981645
-0.839334		-0.984788
-0.834979		-0.987913
-0.830609		-0.991020
-0.826224		-0.994109
-0.821824		-0.997179
-0.817408		-1.000232
-0.812978		-1.003266
-0.808532		-1.006281
-0.804072		-1.009279
-0.799597		-1.012257
-0.795108		-1.015217
-0.790604		-1.018159
-0.786085		-1.021081
-0.781551		-1.023985
-0.777004		-1.026870
-0.772441		-1.029736
-0.767865		-1.032583
-0.763274		-1.035410
-0.758670		-1.038219
-0.754051		-1.041008
-0.749418		-1.043778
-0.744771		-1.046528
-0.740110		-1.049259
-0.735436		-1.051970
-0.730747		-1.054662
-0.726045		-1.057334
-0.721330		-1.059986
-0.716601		-1.062619
-0.711858		-1.065231
-0.707103		-1.067824
-0.702333		-1.070396
-0.697551		-1.072948
-0.692756		-1.075480
-0.687947		-1.077992
-0.683126		-1.080483
-0.678291		-1.082954
-0.673444		-1.085405
-0.668584		-1.087835
-0.663711		-1.090244
-0.658826		-1.092633
-0.653928		-1.095001
-0.649018		-1.097348
-0.644095		-1.099674
-0.639160		-1.101979
-0.634213		-1.104263
-0.629254		-1.106526
-0.624283		-1.108768
-0.619299		-1.110988
-0.614304		-1.113187
-0.609297		-1.115365
-0.604279		-1.117522
-0.599248		-1.119656
-0.594207		-1.121770
-0.589153		-1.123861
-0.584089		-1.125931
-0.579013		-1.127980
-0.573925		-1.130006
-0.568827		-1.132010
-0.563718		-1.133993
-0.558597		-1.135953
-0.553466		-1.137891
-0.548324		-1.139807
-0.543172		-1.141701
-0.538008		-1.143573
-0.532835		-1.145422
-0.527650		-1.147249
-0.522456		-1.149053
-0.517251		-1.150835
-0.512036		-1.152594
-0.506811		-1.154330
-0.501576		-1.156044
-0.496331		-1.157735
-0.491076		-1.159403
-0.485811		-1.161048
-0.480537		-1.162670
-0.475254		-1.164269
-0.469961		-1.165845
-0.464658		-1.167397
-0.459347		-1.168927
-0.454026		-1.170433
-0.448696		-1.171916
-0.443357		-1.173375
-0.438009		-1.174811
-0.432653		-1.176224
-0.427288		-1.177613
-0.421914		-1.178978
-0.416532		-1.180319
-0.411141		-1.181637
-0.405742		-1.182931
-0.400335		-1.184201
-0.394920		-1.185447
-0.389497		-1.186669
-0.384066		-1.187867
-0.378627		-1.189041
-0.373180		-1.190191
-0.367726		-1.191316
-0.362265		-1.192418
-0.356796		-1.193495
-0.351319		-1.194547
-0.345836		-1.195576
-0.340345		-1.196579
-0.334848		-1.197558
-0.329343		-1.198513
