 x		y
1.000000		0.000000
0.998026		0.081681
0.992128		0.163042
0.982377		0.243769
0.968885		0.323568
0.951805		0.402168
0.931319		0.479329
0.907633		0.554844
0.880971		0.628539
0.851564		0.700276
0.819650		0.769951
0.785459		0.837488
0.749221		0.902840
0.711151		0.965986
0.671454		1.026922
0.630322		1.085664
0.587932		1.142239
0.544448		1.196687
0.500017		1.249056
0.454776		1.299400
0.408847		1.347778
0.362341		1.394252
0.315355		1.438885
0.267981		1.481740
0.220296		1.522882
0.172373		1.562374
0.124274		1.600277
0.076057		1.636653
0.027772		1.671560
-0.020537		1.705055
-0.068830		1.737191
-0.117070		1.768023
-0.165228		1.797600
-0.213275		1.825971
-0.261186		1.853181
-0.308940		1.879275
-0.356518		1.904296
-0.403902		1.928282
-0.451077		1.951273
-0.498031		1.973305
-0.544751		1.994413
-0.591228		2.014630
-0.637453		2.033987
-0.683419		2.052516
-0.729117		2.070244
-0.774543		2.087199
-0.819693		2.103407
-0.864561		2.118893
-0.909144		2.133682
-0.953439		2.147795
-0.997445		2.161255
-1.041158		2.174083
-1.084578		2.186297
-1.127704		2.197918
-1.170534		2.208963
-1.213068		2.219450
-1.255307		2.229396
-1.297249		2.238816
-1.338896		2.247725
-1.380248		2.256140
-1.421305		2.264073
-1.462068		2.271538
-1.502539		2.278548
-1.542718		2.285115
-1.582606		2.291253
-1.622205		2.296971
-1.661516		2.302282
-1.700541		2.307195
-1.739280		2.311722
-1.777736		2.315871
-1.815909		2.319654
-1.853803		2.323078
-1.891417		2.326152
-1.928754		2.328886
-1.965816		2.331288
-2.002605		2.333365
-2.039121		2.335125
-2.075367		2.336575
-2.111345		2.337724
-2.147056		2.338577
-2.182502		2.339142
-2.217686		2.339424
-2.252607		2.339431
-2.287269		2.339168
-2.321673		2.338642
-2.355822		2.337857
-2.389715		2.336820
-2.423356		2.335536
-2.456746		2.334010
-2.489887		2.332248
-2.522780		2.330253
-2.555428		2.328032
-2.587831		2.325588
-2.619992		2.322925
-2.651911		2.320050
-2.683592		2.316965
-2.715034		2.313674
-2.746241		2.310183
-2.777213		2.306494
-2.807951		2.302611
-2.838459		2.298539
-2.868736		2.294280
-2.898785		2.289839
-2.928607		2.285219
-2.958203		2.280422
-2.987576		2.275453
-3.016725		2.270314
-3.045653		2.265008
-3.074362		2.259539
-3.102851		2.253910
-3.131124		2.248122
-3.159181		2.242180
-3.187023		2.236085
-3.214652		2.229841
-3.242070		2.223450
-3.269276		2.216914
-3.296273		2.210236
-3.323062		2.203419
-3.349644		2.196465
-3.376020		2.189375
-3.402192		2.182153
-3.428160		2.174801
-3.453926		2.167320
-3.479491		2.159713
-3.504855		2.151981
-3.530021		2.144128
-3.554990		2.136155
-3.579761		2.128063
-3.604337		2.119855
-3.628718		2.111532
-3.652905		2.103097
-3.676900		2.094551
-3.700704		2.085896
-3.724316		2.077134
-3.747740		2.068265
-3.770974		2.059293
-3.794021		2.050218
-3.816881		2.041042
-3.839556		2.031767
-3.862045		2.022394
-3.884350		2.012925
-3.906473		2.003361
-3.928413		1.993703
-3.950171		1.983953
-3.971749		1.974113
-3.993148		1.964183
-4.014367		1.954165
-4.035408		1.944060
-4.056272		1.933871
-4.076960		1.923597
-4.097472		1.913240
-4.117809		1.902801
-4.137972		1.892282
-4.157961		1.881684
-4.177778		1.871007
-4.197423		1.860254
-4.216897		1.849424
-4.236200		1.838520
-4.255333		1.827542
-4.274297		1.816492
-4.293093		1.805370
-4.311721		1.794177
-4.330182		1.782915
-4.348476		1.771584
-4.366604		1.760186
-4.384568		1.748721
-4.402366		1.737190
-4.420001		1.725595
-4.437473		1.713936
-4.454781		1.702214
-4.471928		1.690430
-4.488913		1.678585
-4.505737		1.666680
-4.522401		1.654716
-4.538904		1.642693
-4.555249		1.630612
-4.571434		1.618475
-4.587461		1.606282
-4.603331		1.594033
-4.619044		1.581730
-4.634599		1.569373
-4.649999		1.556963
-4.665243		1.544502
-4.680331		1.531988
-4.695265		1.519425
-4.710045		1.506811
-4.724671		1.494148
-4.739144		1.481437
-4.753464		1.468678
-4.767631		1.455871
-4.781647		1.443019
-4.795511		1.430120
-4.809224		1.417177
-4.822786		1.404189
-4.836198		1.391158
-4.849461		1.378083
-4.862573		1.364966
-4.875537		1.351807
-4.888353		1.338607
-4.901020		1.325366
-4.913539		1.312085
-4.925910		1.298765
-4.938135		1.285407
-4.950213		1.272010
-4.962144		1.258575
-4.973930		1.245103
-4.985570		1.231595
-4.997064		1.218051
-5.008414		1.204472
-5.019619		1.190857
-5.030679		1.177209
-5.041596		1.163527
-5.052368		1.149812
-5.062998		1.136064
-5.073484		1.122284
-5.083828		1.108472
-5.094029		1.094629
-5.104088		1.080756
-5.114005		1.066853
-5.123781		1.052920
-5.133415		1.038958
-5.142908		1.024968
-5.152260		1.010949
-5.161472		0.996903
-5.170543		0.982830
-5.179475		0.968730
-5.188267		0.954605
-5.196919		0.940453
-5.205432		0.926276
-5.213806		0.912075
-5.222041		0.897849
-5.230137		0.883599
-5.238095		0.869327
-5.245916		0.855031
-5.253598		0.840712
-5.261142		0.826372
-5.268549		0.812010
-5.275818		0.797627
-5.282951		0.783223
-5.289946		0.768799
-5.296805		0.754354
-5.303528		0.739891
-5.310114		0.725408
-5.316563		0.710907
-5.322877		0.696388
-5.329055		0.681851
-5.335097		0.667296
-5.341004		0.652725
-5.346775		0.638137
-5.352412		0.623533
-5.357913		0.608913
-5.363279		0.594278
-5.368510		0.579628
-5.373607		0.564963
-5.378570		0.550285
-5.383398		0.535592
-5.388092		0.520886
-5.392651		0.506167
-5.397077		0.491436
-5.401369		0.476692
-5.405527		0.461937
-5.409552		0.447170
-5.413442		0.432392
-5.417200		0.417604
-5.420824		0.402805
-5.424315		0.387996
-5.427673		0.373178
-5.430898		0.358351
-5.433989		0.343515
-5.436948		0.328670
-5.439774		0.313818
-5.442467		0.298958
-5.445028		0.284090
-5.447456		0.269216
-5.449751		0.254335
-5.451914		0.239447
-5.453945		0.224554
-5.455843		0.209656
-5.457609		0.194753
-5.459242		0.179844
-5.460743		0.164932
-5.462112		0.150015
-5.463349		0.135095
-5.464454		0.120171
-5.465427		0.105245
-5.466267		0.090316
-5.466976		0.075385
-5.467552		0.060452
-5.467996		0.045518
-5.468309		0.030582
-5.468489		0.015646
-5.468537		0.000709
-5.468454		-0.014227
-5.468238		-0.029163
-5.467890		-0.044099
-5.467410		-0.059034
-5.466798		-0.073967
-5.466055		-0.088898
-5.465179		-0.103827
-5.464170		-0.118754
-5.463030		-0.133678
-5.461758		-0.148598
-5.460353		-0.163515
-5.458816		-0.178428
-5.457147		-0.193337
-5.455346		-0.208241
-5.453412		-0.223139
-5.451346		-0.238033
-5.449147		-0.252921
-5.446816		-0.267802
-5.444353		-0.282677
-5.441756		-0.297545
-5.439027		-0.312406
-5.436165		-0.327260
-5.433170		-0.342105
-5.430043		-0.356942
-5.426782		-0.371770
-5.423388		-0.386589
-5.419861		-0.401399
-5.416201		-0.416198
-5.412407		-0.430988
-5.408480		-0.445766
-5.404419		-0.460534
-5.400224		-0.475291
-5.395896		-0.490035
-5.391434		-0.504768
-5.386837		-0.519487
-5.382107		-0.534194
-5.377242		-0.548888
-5.372243		-0.563568
-5.367109		-0.578234
-5.361840		-0.592885
-5.356437		-0.607521
-5.350899		-0.622142
-5.345225		-0.636748
-5.339416		-0.651337
-5.333472		-0.665910
-5.327392		-0.680465
-5.321177		-0.695004
-5.314825		-0.709525
-5.308338		-0.724027
-5.301714		-0.738511
-5.294954		-0.752976
-5.288057		-0.767421
-5.281023		-0.781847
-5.273852		-0.796252
-5.266544		-0.810637
-5.259098		-0.825000
-5.251515		-0.839342
-5.243794		-0.853662
-5.235935		-0.867960
-5.227938		-0.882234
-5.219802		-0.896485
-5.211528		-0.910712
-5.203115		-0.924915
-5.194562		-0.939094
-5.185870		-0.953247
-5.177038		-0.967374
-5.168067		-0.981475
-5.158955		-0.995550
-5.149703		-1.009597
-5.140310		-1.023617
-5.130776		-1.037609
-5.121101		-1.051572
-5.111285		-1.065507
-5.101327		-1.079411
-5.091226		-1.093286
-5.080984		-1.107130
-5.070599		-1.120943
-5.060070		-1.134724
-5.049399		-1.148474
-5.038584		-1.162190
-5.027625		-1.175874
-5.016522		-1.189523
-5.005274		-1.203139
-4.993882		-1.216719
-4.982344		-1.230265
-4.970661		-1.243774
-4.958832		-1.257247
-4.946857		-1.270683
-4.934735		-1.284081
-4.922466		-1.297441
-4.910050		-1.310762
-4.897486		-1.324043
-4.884775		-1.337285
-4.871914		-1.350486
-4.858905		-1.363645
-4.845747		-1.376763
-4.832439		-1.389838
-4.818981		-1.402870
-4.805372		-1.415859
-4.791613		-1.428803
-4.777702		-1.441701
-4.763639		-1.454554
-4.749425		-1.467361
-4.735057		-1.480120
-4.720537		-1.492831
-4.705863		-1.505494
-4.691035		-1.518108
-4.676052		-1.530671
-4.660915		-1.543184
-4.645622		-1.555646
-4.630173		-1.568055
-4.614567		-1.580411
-4.598805		-1.592713
-4.582885		-1.604961
-4.566807		-1.617154
-4.550570		-1.629290
-4.534175		-1.641370
-4.517619		-1.653391
-4.500904		-1.665354
-4.484028		-1.677258
-4.466990		-1.689101
-4.449791		-1.700883
-4.432429		-1.712603
-4.414904		-1.724259
-4.397215		-1.735852
-4.379362		-1.747380
-4.361344		-1.758843
-4.343160		-1.770238
-4.324811		-1.781566
-4.306294		-1.792825
-4.287610		-1.804014
-4.268758		-1.815132
-4.249737		-1.826179
-4.230546		-1.837153
-4.211185		-1.848053
-4.191653		-1.858878
-4.171950		-1.869626
-4.152074		-1.880298
-4.132025		-1.890891
-4.111803		-1.901405
-4.091405		-1.911838
-4.070833		-1.922188
-4.050084		-1.932456
-4.029158		-1.942640
-4.008054		-1.952737
-3.986772		-1.962748
-3.965311		-1.972670
-3.943669		-1.982503
-3.921847		-1.992244
-3.899842		-2.001894
-3.877655		-2.011449
-3.855284		-2.020909
-3.832728		-2.030273
-3.809987		-2.039538
-3.787060		-2.048703
-3.763945		-2.057767
-3.740642		-2.066729
-3.717150		-2.075585
-3.693468		-2.084336
-3.669594		-2.092978
-3.645529		-2.101511
-3.621270		-2.109933
-3.596817		-2.118242
-3.572169		-2.126435
-3.547325		-2.134512
-3.522283		-2.142470
-3.497042		-2.150307
-3.471603		-2.158021
-3.445962		-2.165611
-3.420120		-2.173074
-3.394075		-2.180408
-3.367825		-2.187611
-3.341371		-2.194681
-3.314710		-2.201615
-3.287841		-2.208411
-3.260763		-2.215066
-3.233476		-2.221579
-3.205976		-2.227947
-3.178265		-2.234167
-3.150339		-2.240236
-3.122197		-2.246153
-3.093840		-2.251913
-3.065264		-2.257515
-3.036469		-2.262955
-3.007453		-2.268231
-2.978215		-2.273339
-2.948753		-2.278277
-2.919067		-2.283041
-2.889154		-2.287627
-2.859013		-2.292034
-2.828643		-2.296256
-2.798041		-2.300291
-2.767208		-2.304135
-2.736140		-2.307784
-2.704837		-2.311234
-2.673297		-2.314482
-2.641518		-2.317523
-2.609499		-2.320353
-2.577237		-2.322968
-2.544733		-2.325364
-2.511983		-2.327535
-2.478986		-2.329478
-2.445740		-2.331187
-2.412244		-2.332657
-2.378496		-2.333884
-2.344494		-2.334861
-2.310237		-2.335585
-2.275723		-2.336048
-2.240949		-2.336245
-2.205915		-2.336170
-2.170618		-2.335818
-2.135057		-2.335181
-2.099230		-2.334253
-2.063135		-2.333027
-2.026770		-2.331496
-1.990134		-2.329653
-1.953225		-2.327490
-1.916041		-2.325000
-1.878580		-2.322174
-1.840841		-2.319004
-1.802822		-2.315481
-1.764522		-2.311597
-1.725938		-2.307341
-1.687069		-2.302705
-1.647914		-2.297678
-1.608472		-2.292250
-1.568740		-2.286409
-1.528717		-2.280145
-1.488403		-2.273446
-1.447796		-2.266300
-1.406895		-2.258694
-1.365699		-2.250614
-1.324208		-2.242048
-1.282421		-2.232980
-1.240337		-2.223396
-1.197957		-2.213280
-1.155279		-2.202616
-1.112306		-2.191387
-1.069036		-2.179574
-1.025472		-2.167161
-0.981614		-2.154126
-0.937463		-2.140451
-0.893023		-2.126113
-0.848295		-2.111091
-0.803283		-2.095361
-0.757990		-2.078899
-0.712421		-2.061680
-0.666580		-2.043676
-0.620475		-2.024860
-0.574113		-2.005203
-0.527500		-1.984673
-0.480647		-1.963238
-0.433564		-1.940865
-0.386263		-1.917518
-0.338759		-1.893159
-0.291067		-1.867749
-0.243204		-1.841248
-0.195192		-1.813612
-0.147053		-1.784797
-0.098812		-1.754754
-0.050500		-1.723436
-0.002149		-1.690790
0.046204		-1.656763
0.094517		-1.621300
0.142742		-1.584342
0.190828		-1.545831
0.238714		-1.505704
0.286335		-1.463900
0.333615		-1.420355
0.380470		-1.375004
0.426809		-1.327783
0.472526		-1.278631
0.517507		-1.227486
0.561623		-1.174290
0.604735		-1.118993
0.646686		-1.061549
0.687308		-1.001923
0.726417		-0.940092
0.763816		-0.876047
0.799294		-0.809800
0.832630		-0.741383
0.863594		-0.670853
0.891951		-0.598298
0.917466		-0.523836
0.939909		-0.447621
0.959064		-0.369840
0.974732		-0.290714
0.986743		-0.210498
0.994962		-0.129472
0.999292		-0.047941
0.999683		0.033780
0.996129		0.115367
0.988676		0.196503
0.977412		0.276881
0.962468		0.356217
0.944008		0.434251
0.922227		0.510758
0.897337		0.585543
0.869569		0.658449
0.839154		0.729353
0.806330		0.798161
0.771325		0.864811
0.734364		0.929268
0.695658		0.991516
0.655406		1.051562
0.613794		1.109425
0.570994		1.165140
0.527161		1.218749
0.482440		1.270303
0.436959		1.319858
0.390837		1.367474
0.344178		1.413214
0.297078		1.457140
0.249621		1.499318
0.201883		1.539810
0.153933		1.578678
0.105830		1.615986
0.057629		1.651791
0.009378		1.686151
-0.038881		1.719123
-0.087110		1.750761
-0.135275		1.781115
-0.183347		1.810236
-0.231298		1.838170
-0.279106		1.864962
-0.326749		1.890657
-0.374210		1.915296
-0.421472		1.938916
-0.468521		1.961557
-0.515344		1.983254
-0.561931		2.004041
-0.608272		2.023950
-0.654358		2.043013
-0.700183		2.061259
-0.745740		2.078716
-0.791024		2.095411
-0.836029		2.111370
-0.880753		2.126617
-0.925192		2.141176
-0.969343		2.155069
-1.013203		2.168317
-1.056773		2.180940
-1.100049		2.192959
-1.143030		2.204391
-1.185718		2.215255
-1.228110		2.225567
-1.270207		2.235345
-1.312008		2.244604
-1.353515		2.253358
-1.394728		2.261622
-1.435648		2.269411
-1.476274		2.276736
-1.516609		2.283612
-1.556654		2.290051
-1.596409		2.296063
-1.635875		2.301661
-1.675055		2.306855
-1.713950		2.311657
-1.752560		2.316075
-1.790889		2.320121
-1.828936		2.323802
-1.866704		2.327129
-1.904195		2.330109
-1.941410		2.332753
-1.978350		2.335066
-2.015018		2.337058
-2.051416		2.338736
-2.087544		2.340108
-2.123405		2.341180
-2.159001		2.341959
-2.194333		2.342452
-2.229403		2.342665
-2.264212		2.342605
-2.298764		2.342278
-2.333058		2.341689
-2.367098		2.340844
-2.400884		2.339748
-2.434418		2.338407
-2.467703		2.336827
-2.500740		2.335011
-2.533530		2.332965
-2.566075		2.330694
-2.598377		2.328202
-2.630438		2.325493
-2.662258		2.322572
-2.693841		2.319444
-2.725186		2.316111
-2.756296		2.312579
-2.787173		2.308850
-2.817818		2.304930
-2.848232		2.300820
-2.878417		2.296526
-2.908374		2.292050
-2.938105		2.287396
-2.967612		2.282567
-2.996895		2.277566
-3.025956		2.272397
-3.054797		2.267062
-3.083419		2.261564
-3.111824		2.255907
-3.140012		2.250093
-3.167984		2.244125
-3.195743		2.238005
-3.223290		2.231737
-3.250626		2.225323
-3.277751		2.218764
-3.304668		2.212065
-3.331377		2.205227
-3.357881		2.198252
-3.384179		2.191143
-3.410273		2.183902
-3.436164		2.176531
-3.461854		2.169032
-3.487344		2.161408
-3.512634		2.153660
-3.537726		2.145791
-3.562621		2.137802
-3.587319		2.129695
-3.611823		2.121473
-3.636132		2.113137
-3.660249		2.104688
-3.684174		2.096129
-3.707907		2.087462
-3.731451		2.078687
-3.754805		2.069807
-3.777972		2.060824
-3.800951		2.051738
-3.823744		2.042552
-3.846352		2.033267
-3.868776		2.023885
-3.891016		2.014406
-3.913073		2.004833
-3.934949		1.995167
-3.956644		1.985409
-3.978158		1.975561
-3.999494		1.965624
-4.020651		1.955599
-4.041630		1.945487
-4.062433		1.935291
-4.083059		1.925011
-4.103511		1.914648
-4.123788		1.904204
-4.143891		1.893679
-4.163821		1.883076
-4.183579		1.872394
-4.203166		1.861636
-4.222581		1.850802
-4.241827		1.839894
-4.260903		1.828912
-4.279810		1.817857
-4.298550		1.806732
-4.317121		1.795535
-4.335527		1.784270
-4.353766		1.772936
-4.371839		1.761535
-4.389748		1.750067
-4.407493		1.738534
-4.425074		1.726937
-4.442492		1.715276
-4.459747		1.703552
-4.476841		1.691766
-4.493774		1.679919
-4.510546		1.668013
-4.527158		1.656047
-4.543610		1.644023
-4.559903		1.631941
-4.576038		1.619802
-4.592015		1.607608
-4.607834		1.595358
-4.623497		1.583055
-4.639003		1.570697
-4.654353		1.558287
-4.669548		1.545825
-4.684588		1.533311
-4.699473		1.520747
-4.714205		1.508134
-4.728783		1.495471
-4.743208		1.482759
-4.757481		1.470000
-4.771601		1.457194
-4.785570		1.444342
-4.799387		1.431444
-4.813054		1.418501
-4.826570		1.405514
-4.839936		1.392483
-4.853153		1.379409
-4.866220		1.366292
-4.879139		1.353134
-4.891909		1.339935
-4.904532		1.326695
-4.917006		1.313415
-4.929334		1.300096
-4.941514		1.286738
-4.953548		1.273342
-4.965436		1.259908
-4.977178		1.246437
-4.988775		1.232930
-5.000226		1.219387
-5.011533		1.205809
-5.022695		1.192196
-5.033713		1.178549
-5.044587		1.164868
-5.055318		1.151154
-5.065906		1.137408
-5.076350		1.123629
-5.086652		1.109819
-5.096812		1.095977
-5.106830		1.082105
-5.116706		1.068204
-5.126440		1.054272
-5.136034		1.040312
-5.145486		1.026323
-5.154798		1.012306
-5.163969		0.998261
-5.173001		0.984189
-5.181892		0.970091
-5.190644		0.955967
-5.199257		0.941817
-5.207730		0.927641
-5.216065		0.913441
-5.224260		0.899217
-5.232318		0.884969
-5.240237		0.870697
-5.248018		0.856403
-5.255661		0.842086
-5.263167		0.827747
-5.270535		0.813386
-5.277766		0.799004
-5.284861		0.784602
-5.291818		0.770179
-5.298639		0.755736
-5.305323		0.741274
-5.311871		0.726793
-5.318283		0.712293
-5.324559		0.697775
-5.330699		0.683239
-5.336704		0.668686
-5.342573		0.654116
-5.348307		0.639529
-5.353906		0.624926
-5.359370		0.610308
-5.364700		0.595674
-5.369894		0.581025
-5.374954		0.566361
-5.379880		0.551683
-5.384671		0.536992
-5.389328		0.522287
-5.393851		0.507569
-5.398240		0.492839
-5.402496		0.478096
-5.406618		0.463342
-5.410606		0.448576
-5.414460		0.433799
-5.418182		0.419012
-5.421770		0.404214
-5.425225		0.389406
-5.428546		0.374588
-5.431735		0.359762
-5.434791		0.344926
-5.437714		0.330082
-5.440504		0.315230
-5.443161		0.300371
-5.445686		0.285504
-5.448078		0.270630
-5.450338		0.255750
-5.452465		0.240863
-5.454460		0.225970
-5.456323		0.211072
-5.458053		0.196169
-5.459651		0.181261
-5.461116		0.166349
-5.462450		0.151433
-5.463651		0.136513
-5.464720		0.121590
-5.465657		0.106663
-5.466462		0.091735
-5.467135		0.076804
-5.467676		0.061871
-5.468085		0.046937
-5.468362		0.032001
-5.468507		0.017065
-5.468520		0.002128
-5.468401		-0.012809
-5.468150		-0.027745
-5.467766		-0.042681
-5.467251		-0.057615
-5.466604		-0.072549
-5.465825		-0.087480
-5.464913		-0.102410
-5.463870		-0.117337
-5.462694		-0.132261
-5.461386		-0.147182
-5.459946		-0.162099
-5.458373		-0.177012
-5.456669		-0.191922
-5.454832		-0.206826
-5.452862		-0.221725
-5.450760		-0.236620
-5.448526		-0.251508
-5.446159		-0.266390
-5.443660		-0.281266
-5.441027		-0.296135
-5.438262		-0.310996
-5.435365		-0.325850
-5.432334		-0.340696
-5.429170		-0.355534
-5.425873		-0.370363
-5.422443		-0.385183
-5.418880		-0.399994
-5.415184		-0.414794
-5.411354		-0.429585
-5.407390		-0.444364
-5.403293		-0.459133
-5.399062		-0.473891
-5.394697		-0.488636
-5.390198		-0.503370
-5.385565		-0.518091
-5.380798		-0.532799
-5.375896		-0.547494
-5.370860		-0.562175
-5.365689		-0.576842
-5.360384		-0.591495
-5.354943		-0.606132
-5.349368		-0.620755
-5.343657		-0.635361
-5.337811		-0.649952
-5.331829		-0.664526
-5.325712		-0.679083
-5.319458		-0.693623
-5.313069		-0.708145
-5.306544		-0.722649
-5.299882		-0.737134
-5.293083		-0.751601
-5.286148		-0.766048
-5.279076		-0.780475
-5.271867		-0.794882
-5.264520		-0.809268
-5.257036		-0.823633
-5.249414		-0.837976
-5.241654		-0.852297
-5.233756		-0.866596
-5.225720		-0.880872
-5.217545		-0.895125
-5.209231		-0.909354
-5.200778		-0.923558
-5.192186		-0.937738
-5.183454		-0.951893
-5.174583		-0.966022
-5.165571		-0.980124
-5.156419		-0.994201
-5.147126		-1.008250
-5.137693		-1.022271
-5.128119		-1.036264
-5.118403		-1.050229
-5.108545		-1.064165
-5.098546		-1.078071
-5.088404		-1.091947
-5.078120		-1.105793
-5.067693		-1.119607
-5.057123		-1.133390
-5.046409		-1.147141
-5.035552		-1.160859
-5.024551		-1.174543
-5.013405		-1.188195
-5.002115		-1.201811
-4.990679		-1.215393
-4.979098		-1.228940
-4.967372		-1.242450
-4.955499		-1.255924
-4.943480		-1.269361
-4.931314		-1.282760
-4.919001		-1.296121
-4.906540		-1.309443
-4.893932		-1.322726
-4.881175		-1.335968
-4.868270		-1.349170
-4.855215		-1.362330
-4.842011		-1.375449
-4.828657		-1.388525
-4.815153		-1.401557
-4.801498		-1.414546
-4.787692		-1.427491
-4.773735		-1.440390
-4.759625		-1.453243
-4.745363		-1.466050
-4.730948		-1.478809
-4.716380		-1.491521
-4.701658		-1.504184
-4.686781		-1.516797
-4.671750		-1.529361
-4.656563		-1.541873
-4.641221		-1.554334
-4.625723		-1.566743
-4.610067		-1.579098
-4.594255		-1.591400
-4.578284		-1.603647
-4.562156		-1.615839
-4.545868		-1.627974
-4.529421		-1.640052
-4.512814		-1.652073
-4.496046		-1.664034
-4.479118		-1.675936
-4.462028		-1.687778
-4.444775		-1.699558
-4.427360		-1.711276
-4.409781		-1.722930
-4.392038		-1.734521
