 x		y
1.000000		0.000000
0.996131		0.109956
0.984605		0.219066
0.965654		0.326525
0.939650		0.431598
0.907070		0.533651
0.868467		0.632162
0.824444		0.726725
0.775614		0.817053
0.722587		0.902959
0.665945		0.984348
0.606233		1.061199
0.543952		1.133552
0.479553		1.201492
0.413440		1.265138
0.345970		1.324632
0.277457		1.380132
0.208175		1.431804
0.138360		1.479818
0.068220		1.524344
-0.002069		1.565551
-0.072354		1.603600
-0.142504		1.638650
-0.212405		1.670850
-0.281963		1.700344
-0.351095		1.727269
-0.419730		1.751753
-0.487810		1.773918
-0.555284		1.793879
-0.622109		1.811744
-0.688249		1.827614
-0.753674		1.841585
-0.818358		1.853748
-0.882282		1.864187
-0.945428		1.872982
-1.007781		1.880207
-1.069331		1.885934
-1.130070		1.890229
-1.189989		1.893154
-1.249085		1.894770
-1.307354		1.895131
-1.364794		1.894290
-1.421405		1.892297
-1.477186		1.889200
-1.532138		1.885044
-1.586262		1.879869
-1.639563		1.873717
-1.692041		1.866626
-1.743700		1.858632
-1.794544		1.849768
-1.844577		1.840069
-1.893804		1.829564
-1.942227		1.818285
-1.989853		1.806258
-2.036685		1.793511
-2.082728		1.780069
-2.127989		1.765958
-2.172470		1.751201
-2.216178		1.735820
-2.259117		1.719837
-2.301292		1.703272
-2.342708		1.686146
-2.383371		1.668477
-2.423285		1.650284
-2.462455		1.631585
-2.500885		1.612395
-2.538581		1.592732
-2.575548		1.572612
-2.611789		1.552048
-2.647309		1.531056
-2.682113		1.509650
-2.716206		1.487843
-2.749591		1.465649
-2.782272		1.443080
-2.814254		1.420148
-2.845542		1.396865
-2.876137		1.373243
-2.906046		1.349293
-2.935271		1.325025
-2.963815		1.300451
-2.991684		1.275579
-3.018879		1.250421
-3.045405		1.224985
-3.071265		1.199281
-3.096461		1.173319
-3.120998		1.147106
-3.144878		1.120652
-3.168104		1.093965
-3.190679		1.067053
-3.212605		1.039925
-3.233886		1.012587
-3.254524		0.985048
-3.274521		0.957315
-3.293880		0.929395
-3.312604		0.901297
-3.330694		0.873025
-3.348152		0.844589
-3.364982		0.815993
-3.381184		0.787246
-3.396761		0.758353
-3.411714		0.729320
-3.426046		0.700155
-3.439757		0.670863
-3.452851		0.641451
-3.465327		0.611924
-3.477189		0.582288
-3.488436		0.552549
-3.499070		0.522714
-3.509094		0.492787
-3.518506		0.462774
-3.527310		0.432681
-3.535506		0.402514
-3.543094		0.372277
-3.550076		0.341977
-3.556453		0.311619
-3.562225		0.281207
-3.567393		0.250748
-3.571957		0.220246
-3.575918		0.189708
-3.579277		0.159137
-3.582033		0.128539
-3.584187		0.097920
-3.585740		0.067284
-3.586692		0.036638
-3.587042		0.005985
-3.586790		-0.024669
-3.585937		-0.055319
-3.584483		-0.085960
-3.582427		-0.116586
-3.579769		-0.147193
-3.576509		-0.177775
-3.572646		-0.208326
-3.568179		-0.238843
-3.563110		-0.269319
-3.557436		-0.299750
-3.551156		-0.330130
-3.544272		-0.360453
-3.536780		-0.390715
-3.528681		-0.420909
-3.519974		-0.451031
-3.510658		-0.481075
-3.500731		-0.511035
-3.490192		-0.540906
-3.479040		-0.570682
-3.467274		-0.600357
-3.454892		-0.629926
-3.441892		-0.659382
-3.428274		-0.688719
-3.414036		-0.717932
-3.399175		-0.747014
-3.383691		-0.775959
-3.367581		-0.804760
-3.350843		-0.833411
-3.333475		-0.861906
-3.315475		-0.890237
-3.296841		-0.918398
-3.277571		-0.946382
-3.257662		-0.974181
-3.237111		-1.001789
-3.215917		-1.029197
-3.194077		-1.056399
-3.171587		-1.083385
-3.148446		-1.110149
-3.124650		-1.136683
-3.100196		-1.162977
-3.075081		-1.189023
-3.049303		-1.214812
-3.022857		-1.240336
-2.995740		-1.265584
-2.967950		-1.290548
-2.939482		-1.315217
-2.910333		-1.339581
-2.880500		-1.363630
-2.849978		-1.387354
-2.818763		-1.410740
-2.786852		-1.433777
-2.754240		-1.456455
-2.720924		-1.478759
-2.686899		-1.500678
-2.652160		-1.522199
-2.616704		-1.543308
-2.580526		-1.563991
-2.543621		-1.584234
-2.505984		-1.604021
-2.467612		-1.623337
-2.428498		-1.642165
-2.388639		-1.660489
-2.348029		-1.678292
-2.306663		-1.695554
-2.264536		-1.712257
-2.221644		-1.728380
-2.177981		-1.743905
-2.133542		-1.758807
-2.088322		-1.773067
-2.042316		-1.786658
-1.995519		-1.799558
-1.947926		-1.811740
-1.899533		-1.823178
-1.850334		-1.833843
-1.800325		-1.843705
-1.749503		-1.852733
-1.697862		-1.860895
-1.645400		-1.868156
-1.592112		-1.874480
-1.537996		-1.879830
-1.483049		-1.884163
-1.427270		-1.887440
-1.370658		-1.889614
-1.313212		-1.890639
-1.254933		-1.890465
-1.195822		-1.889038
-1.135884		-1.886303
-1.075123		-1.882202
-1.013544		-1.876670
-0.951157		-1.869642
-0.887973		-1.861046
-0.824006		-1.850808
-0.759271		-1.838848
-0.693790		-1.825080
-0.627589		-1.809416
-0.560695		-1.791758
-0.493147		-1.772005
-0.424985		-1.750049
-0.356260		-1.725774
-0.287031		-1.699059
-0.217368		-1.669775
-0.147353		-1.637784
-0.077081		-1.602943
-0.006665		-1.565101
0.063764		-1.524101
0.134054		-1.479778
0.204028		-1.431964
0.273481		-1.380489
0.342174		-1.325181
0.409834		-1.265874
0.476149		-1.202409
0.540760		-1.134642
0.603263		-1.062454
0.663207		-0.985758
0.720092		-0.904514
0.773371		-0.818741
0.822460		-0.728534
0.866752		-0.634076
0.905629		-0.535657
0.938491		-0.433680
0.964780		-0.328667
0.984019		-0.221251
0.995837		-0.112167
0.999998		-0.002220
0.996421		0.107744
0.985186		0.216880
0.966525		0.324381
0.940806		0.429513
0.908506		0.531641
0.870179		0.630242
0.826423		0.724911
0.777854		0.815358
0.725079		0.901396
0.668680		0.982929
0.609201		1.059935
0.547142		1.132452
0.482956		1.200565
0.417045		1.264391
0.349766		1.324072
0.281434		1.379763
0.212322		1.431631
0.142668		1.479845
0.072678		1.524575
0.002530		1.565987
-0.067623		1.604243
-0.137650		1.639501
-0.207438		1.671910
-0.276890		1.701614
-0.345924		1.728748
-0.414469		1.753442
-0.482466		1.775815
-0.549864		1.795984
-0.616620		1.814055
-0.682697		1.830131
-0.748066		1.844306
-0.812701		1.856671
-0.876580		1.867311
-0.939686		1.876305
-1.002006		1.883727
-1.063527		1.889649
-1.124241		1.894137
-1.184142		1.897253
-1.243223		1.899057
-1.301481		1.899604
-1.358915		1.898947
-1.415523		1.897137
-1.471305		1.894219
-1.526261		1.890240
-1.580395		1.885240
-1.633707		1.879260
-1.686200		1.872339
-1.737877		1.864512
-1.788743		1.855814
-1.838800		1.846277
-1.888053		1.835933
-1.936506		1.824811
-1.984164		1.812939
-2.031031		1.800345
-2.077112		1.787054
-2.122411		1.773091
-2.166935		1.758479
-2.210686		1.743242
-2.253672		1.727399
-2.295895		1.710973
-2.337362		1.693983
-2.378077		1.676449
-2.418045		1.658387
-2.457270		1.639816
-2.495758		1.620754
-2.533514		1.601215
-2.570541		1.581216
-2.606844		1.560772
-2.642428		1.539898
-2.677298		1.518606
-2.711457		1.496912
-2.744910		1.474829
-2.777661		1.452368
-2.809714		1.429542
-2.841074		1.406363
-2.871743		1.382842
-2.901726		1.358991
-2.931026		1.334820
-2.959647		1.310340
-2.987594		1.285561
-3.014868		1.260493
-3.041473		1.235146
-3.067414		1.209528
-3.092692		1.183649
-3.117311		1.157518
-3.141275		1.131144
-3.164585		1.104534
-3.187245		1.077697
-3.209257		1.050641
-3.230625		1.023375
-3.251350		0.995904
-3.271435		0.968238
-3.290883		0.940383
-3.309696		0.912347
-3.327875		0.884136
-3.345425		0.855757
-3.362345		0.827218
-3.378639		0.798525
-3.394308		0.769684
-3.409354		0.740701
-3.423779		0.711584
-3.437584		0.682338
-3.450771		0.652969
-3.463342		0.623484
-3.475299		0.593888
-3.486641		0.564187
-3.497371		0.534387
-3.507490		0.504493
-3.516999		0.474512
-3.525900		0.444449
-3.534192		0.414309
-3.541877		0.384098
-3.548957		0.353821
-3.555431		0.323484
-3.561300		0.293092
-3.566566		0.262650
-3.571228		0.232164
-3.575287		0.201639
-3.578744		0.171079
-3.581599		0.140491
-3.583852		0.109879
-3.585503		0.079249
-3.586553		0.048605
-3.587002		0.017954
-3.586849		-0.012701
-3.586095		-0.043354
-3.584739		-0.073999
-3.582781		-0.104632
-3.580221		-0.135247
-3.577059		-0.165840
-3.573295		-0.196404
-3.568927		-0.226936
-3.563955		-0.257429
-3.558378		-0.287878
-3.552197		-0.318279
-3.545409		-0.348625
-3.538015		-0.378911
-3.530013		-0.409133
-3.521403		-0.439283
-3.512183		-0.469358
-3.502352		-0.499351
-3.491909		-0.529257
-3.480852		-0.559070
-3.469181		-0.588784
-3.456894		-0.618394
-3.443989		-0.647893
-3.430465		-0.677276
-3.416320		-0.706536
-3.401553		-0.735667
-3.386161		-0.764664
-3.370142		-0.793518
-3.353496		-0.822225
-3.336219		-0.850778
-3.318309		-0.879169
-3.299765		-0.907392
-3.280584		-0.935439
-3.260763		-0.963305
-3.240301		-0.990980
-3.219194		-1.018459
-3.197440		-1.045733
-3.175036		-1.072794
-3.151979		-1.099635
-3.128267		-1.126247
-3.103896		-1.152623
-3.078863		-1.178752
-3.053166		-1.204627
-3.026801		-1.230238
-2.999764		-1.255576
-2.972052		-1.280632
-2.943661		-1.305395
-2.914589		-1.329856
-2.884830		-1.354004
-2.854382		-1.377828
-2.823240		-1.401318
-2.791400		-1.424461
-2.758859		-1.447245
-2.725612		-1.469660
-2.691654		-1.491692
-2.656982		-1.513327
-2.621590		-1.534553
-2.585475		-1.555355
-2.548632		-1.575720
-2.511055		-1.595631
-2.472741		-1.615073
-2.433684		-1.634030
-2.393880		-1.652485
-2.353323		-1.670421
-2.312008		-1.687818
-2.269930		-1.704659
-2.227085		-1.720924
-2.183467		-1.736591
-2.139071		-1.751639
-2.093891		-1.766046
-2.047923		-1.779789
-2.001162		-1.792841
-1.953603		-1.805179
-1.905240		-1.816774
-1.856069		-1.827599
-1.806086		-1.837623
-1.755286		-1.846817
-1.703664		-1.855146
-1.651218		-1.862577
-1.597943		-1.869073
-1.543837		-1.874597
-1.488896		-1.879108
-1.433119		-1.882564
-1.376506		-1.884920
-1.319054		-1.886129
-1.260765		-1.886141
-1.201641		-1.884904
-1.141685		-1.882360
-1.080901		-1.878451
-1.019294		-1.873115
-0.956875		-1.866284
-0.893653		-1.857887
-0.829642		-1.847850
-0.764859		-1.836093
-0.699323		-1.822530
-0.633060		-1.807071
-0.566099		-1.789621
-0.498476		-1.770076
-0.430232		-1.748329
-0.361419		-1.724264
-0.292093		-1.697759
-0.222326		-1.668685
-0.152198		-1.636904
-0.081805		-1.602272
-0.011259		-1.564638
0.059310		-1.523844
0.129750		-1.479725
0.199883		-1.432112
0.269505		-1.380834
0.338378		-1.325720
0.406229		-1.266600
0.472744		-1.203316
0.537566		-1.135723
0.600292		-1.063701
0.660468		-0.987161
0.717594		-0.906063
0.771124		-0.820423
0.820474		-0.730337
0.865034		-0.635986
0.904185		-0.537660
0.937327		-0.435759
0.963902		-0.330806
0.983429		-0.223434
0.995538		-0.114377
0.999991		-0.004440
0.996707		0.105532
0.985763		0.214692
0.967391		0.322234
0.941957		0.427425
0.909938		0.529627
0.871887		0.628318
0.828400		0.723092
0.780092		0.813657
0.727569		0.899827
0.671413		0.981503
0.612167		1.058663
0.550332		1.131344
0.486358		1.199629
0.420649		1.263634
0.353563		1.323500
0.285412		1.379383
0.216471		1.431447
0.146978		1.479861
0.077139		1.524792
0.007132		1.566409
-0.062889		1.604872
-0.132792		1.640338
-0.202465		1.672956
-0.271811		1.702869
-0.340746		1.730212
-0.409201		1.755114
-0.477115		1.777696
-0.544436		1.798072
-0.611123		1.816350
-0.677137		1.832631
-0.742449		1.847010
-0.807032		1.859577
-0.870866		1.870418
-0.933933		1.879610
-0.996218		1.887229
-1.057710		1.893346
-1.118400		1.898026
-1.178280		1.901333
-1.237345		1.903326
-1.295593		1.904059
-1.353019		1.903587
-1.409624		1.901958
-1.465406		1.899220
-1.520367		1.895417
-1.574509		1.890592
-1.627832		1.884785
-1.680339		1.878034
-1.732035		1.870374
-1.782921		1.861841
-1.833001		1.852467
-1.882281		1.842283
-1.930763		1.831319
-1.978453		1.819603
-2.025354		1.807162
-2.071472		1.794021
-2.116810		1.780207
-2.161375		1.765741
-2.205170		1.750646
-2.248201		1.734945
-2.290473		1.718658
-2.331989		1.701804
-2.372756		1.684403
-2.412777		1.666473
-2.452058		1.648031
-2.490603		1.629096
-2.528417		1.609681
-2.565505		1.589805
-2.601870		1.569480
-2.637518		1.548723
-2.672453		1.527548
-2.706678		1.505967
-2.740199		1.483993
-2.773019		1.461641
-2.805143		1.438921
-2.836574		1.415846
-2.867316		1.392427
-2.897373		1.368675
-2.926749		1.344601
-2.955447		1.320216
-2.983470		1.295530
-3.010823		1.270553
-3.037508		1.245294
-3.063529		1.219762
-3.088888		1.193967
-3.113590		1.167918
-3.137636		1.141623
-3.161031		1.115091
-3.183775		1.088330
-3.205873		1.061347
-3.227327		1.034152
-3.248139		1.006751
-3.268312		0.979151
-3.287849		0.951361
-3.306751		0.923388
-3.325020		0.895237
-3.342660		0.866917
-3.359671		0.838435
-3.376056		0.809796
-3.391817		0.781007
-3.406956		0.752075
-3.421474		0.723005
-3.435372		0.693806
-3.448654		0.664481
-3.461319		0.635038
-3.473370		0.605481
-3.484807		0.575818
-3.495633		0.546054
-3.505848		0.516195
-3.515453		0.486246
-3.524450		0.456212
-3.532839		0.426100
-3.540621		0.395915
-3.547798		0.365662
-3.554369		0.335346
-3.560336		0.304974
-3.565700		0.274550
-3.570460		0.244079
-3.574617		0.213568
-3.578172		0.183020
-3.581125		0.152441
-3.583476		0.121837
-3.585226		0.091213
-3.586375		0.060573
-3.586922		0.029923
-3.586867		-0.000732
-3.586212		-0.031387
-3.584954		-0.062037
-3.583095		-0.092676
-3.580634		-0.123300
-3.577570		-0.153903
-3.573904		-0.184480
-3.569634		-0.215026
-3.564760		-0.245535
-3.559281		-0.276003
-3.553198		-0.306424
-3.546508		-0.336793
-3.539211		-0.367104
-3.531306		-0.397352
-3.522792		-0.427531
-3.513669		-0.457637
-3.503934		-0.487662
-3.493587		-0.517603
-3.482626		-0.547453
-3.471050		-0.577206
-3.458858		-0.606856
-3.446047		-0.636398
-3.432617		-0.665826
-3.418566		-0.695133
-3.403892		-0.724313
-3.388592		-0.753361
-3.372666		-0.782269
-3.356111		-0.811031
-3.338925		-0.839641
-3.321107		-0.868091
-3.302652		-0.896376
-3.283560		-0.924487
-3.263828		-0.952418
-3.243454		-0.980162
-3.222434		-1.007711
-3.200767		-1.035057
-3.178448		-1.062193
-3.155477		-1.089110
-3.131849		-1.115801
-3.107561		-1.142257
-3.082611		-1.168469
-3.056996		-1.194429
-3.030711		-1.220128
-3.003753		-1.245555
-2.976120		-1.270703
-2.947807		-1.295560
-2.918811		-1.320117
-2.889128		-1.344364
-2.858754		-1.368289
-2.827685		-1.391881
-2.795918		-1.415129
-2.763447		-1.438022
-2.730269		-1.460546
-2.696379		-1.482690
-2.661774		-1.504440
-2.626447		-1.525783
-2.590396		-1.546704
-2.553614		-1.567190
-2.516098		-1.587224
-2.477843		-1.606793
-2.438843		-1.625878
-2.399094		-1.644464
-2.358590		-1.662533
-2.317327		-1.680066
-2.275299		-1.697046
-2.232501		-1.713450
-2.188928		-1.729260
-2.144575		-1.744454
-2.099437		-1.759009
-2.053508		-1.772901
-2.006783		-1.786107
-1.959257		-1.798599
-1.910926		-1.810352
-1.861783		-1.821337
-1.811826		-1.831524
-1.761048		-1.840882
-1.709447		-1.849379
-1.657017		-1.856980
-1.603756		-1.863648
-1.549659		-1.869347
-1.494725		-1.874035
-1.438952		-1.877671
-1.382337		-1.880209
-1.324881		-1.881602
-1.266583		-1.881800
-1.207446		-1.880751
-1.147472		-1.878399
-1.086665		-1.874684
-1.025032		-1.869542
-0.962581		-1.862909
-0.899322		-1.854712
-0.835268		-1.844876
-0.770436		-1.833321
-0.704846		-1.819963
-0.638522		-1.804710
-0.571495		-1.787467
-0.503798		-1.768131
-0.435473		-1.746593
-0.366571		-1.722739
-0.297150		-1.696444
-0.227279		-1.667580
-0.157039		-1.636010
-0.086525		-1.601587
-0.015849		-1.564162
0.054860		-1.523574
0.125448		-1.479660
0.195740		-1.432248
0.265530		-1.381168
0.334582		-1.326247
0.402623		-1.267316
0.469338		-1.204214
0.534371		-1.136795
0.597318		-1.064939
0.657726		-0.988556
0.715094		-0.907604
0.768875		-0.822099
0.818484		-0.732134
0.863311		-0.637891
0.902737		-0.539658
0.936159		-0.437835
0.963019		-0.332943
0.982835		-0.225615
0.995235		-0.116586
0.999980		-0.006659
0.996988		0.103318
0.986335		0.212502
0.968252		0.320086
0.943105		0.425333
0.911367		0.527609
0.873591		0.626389
0.830373		0.721267
0.782326		0.811950
0.730056		0.898250
0.674143		0.980069
0.615132		1.057383
0.553520		1.130226
0.489759		1.198683
0.424253		1.262867
0.357359		1.322918
0.289390		1.378992
0.220620		1.431251
0.151289		1.479863
0.081602		1.524997
0.011737		1.566818
-0.058151		1.605487
-0.127930		1.641160
-0.197488		1.673987
-0.266727		1.704108
-0.335563		1.731661
-0.403926		1.756771
-0.471756		1.779561
-0.539001		1.800144
-0.605617		1.818628
-0.671567		1.835114
-0.736822		1.849696
-0.801354		1.862466
-0.865142		1.873507
-0.928168		1.882897
-0.990418		1.890714
-1.051880		1.897025
-1.112544		1.901898
-1.172404		1.905396
-1.231453		1.907577
-1.289689		1.908496
-1.347107		1.908208
-1.403708		1.906761
-1.459491		1.904202
-1.514456		1.900577
-1.568604		1.895926
-1.621938		1.890291
-1.674460		1.883710
-1.726172		1.876218
-1.777078		1.867850
-1.827182		1.858639
-1.876487		1.848615
-1.924998		1.837809
-1.972719		1.826249
-2.019654		1.813961
-2.065808		1.800971
-2.111185		1.787304
-2.155791		1.772985
-2.199629		1.758034
-2.242706		1.742474
-2.285024		1.726325
-2.326590		1.709608
-2.367408		1.692341
-2.407482		1.674542
-2.446818		1.656230
-2.485420		1.637421
-2.523292		1.618132
-2.560440		1.598377
-2.596867		1.578173
-2.632578		1.557534
-2.667577		1.536473
-2.701869		1.515005
-2.735458		1.493143
-2.768347		1.470899
-2.800540		1.448285
-2.832043		1.425314
-2.862857		1.401997
-2.892988		1.378345
-2.922439		1.354369
-2.951213		1.330079
-2.979313		1.305486
-3.006744		1.280600
-3.033509		1.255429
-3.059610		1.229984
-3.085050		1.204273
-3.109834		1.178306
-3.133963		1.152092
-3.157441		1.125637
-3.180270		1.098952
-3.202454		1.072043
-3.223994		1.044918
-3.244893		1.017587
-3.265153		0.990054
-3.284778		0.962329
-3.303769		0.934419
-3.322128		0.906329
-3.339857		0.878068
-3.356959		0.849642
-3.373436		0.821058
-3.389289		0.792322
-3.404520		0.763440
-3.419130		0.734420
-3.433122		0.705266
-3.446497		0.675986
-3.459257		0.646585
-3.471402		0.617069
-3.482935		0.587444
-3.493856		0.557716
-3.504166		0.527891
-3.513868		0.497974
-3.522961		0.467971
-3.531446		0.437887
-3.539325		0.407727
-3.546599		0.377498
-3.553268		0.347205
-3.559332		0.316853
-3.564794		0.286447
-3.569652		0.255992
-3.573907		0.225494
-3.577560		0.194959
-3.580611		0.164390
-3.583061		0.133794
-3.584909		0.103175
-3.586156		0.072539
-3.586802		0.041891
-3.586846		0.011236
-3.586289		-0.019421
-3.585130		-0.050075
-3.583369		-0.080720
-3.581007		-0.111352
-3.578041		-0.141965
-3.574473		-0.172554
-3.570301		-0.203114
-3.565526		-0.233640
-3.560145		-0.264126
-3.554159		-0.294567
-3.547567		-0.324958
-3.540367		-0.355293
-3.532559		-0.385567
-3.524142		-0.415775
-3.515115		-0.445910
-3.505477		-0.475969
-3.495226		-0.505944
-3.484361		-0.535830
-3.472880		-0.565621
-3.460783		-0.595312
-3.448067		-0.624897
-3.434731		-0.654369
-3.420774		-0.683723
-3.406193		-0.712952
-3.390986		-0.742050
-3.375153		-0.771011
-3.358689		-0.799828
-3.341595		-0.828495
-3.323867		-0.857005
-3.305503		-0.885351
-3.286500		-0.913526
-3.266857		-0.941522
-3.246571		-0.969334
-3.225639		-0.996952
-3.204058		-1.024370
-3.181826		-1.051580
-3.158939		-1.078574
-3.135396		-1.105343
-3.111192		-1.131879
-3.086325		-1.158174
-3.060791		-1.184219
-3.034587		-1.210005
-3.007710		-1.235522
-2.980155		-1.260761
-2.951920		-1.285712
-2.923001		-1.310365
-2.893394		-1.334710
-2.863095		-1.358735
-2.832099		-1.382430
-2.800404		-1.405784
-2.768004		-1.428784
-2.734896		-1.451418
-2.701074		-1.473673
-2.666535		-1.495537
-2.631275		-1.516997
-2.595287		-1.538037
-2.558568		-1.558644
-2.521113		-1.578802
-2.482917		-1.598496
-2.443974		-1.617710
-2.404281		-1.636427
-2.363831		-1.654629
-2.322619		-1.672298
-2.280642		-1.689415
-2.237892		-1.705960
-2.194365		-1.721913
-2.150056		-1.737252
-2.104959		-1.751954
-2.059069		-1.765997
-2.012381		-1.779354
-1.964890		-1.792002
-1.916590		-1.803912
-1.867476		-1.815057
-1.817545		-1.825406
-1.766791		-1.834930
-1.715210		-1.843594
-1.662797		-1.851364
-1.609550		-1.858205
-1.555464		-1.864079
-1.500537		-1.868944
-1.444767		-1.872759
-1.388152		-1.875479
-1.330692		-1.877056
-1.272386		-1.877442
-1.213236		-1.876582
-1.153245		-1.874420
-1.092417		-1.870898
-1.030758		-1.865952
-0.968275		-1.859516
-0.904979		-1.851519
-0.840883		-1.841884
-0.776003		-1.830533
-0.710360		-1.817379
-0.643976		-1.802333
-0.576882		-1.785297
-0.509112		-1.766170
-0.440707		-1.744842
-0.371718		-1.721198
-0.302201		-1.695114
-0.232227		-1.666461
-0.161875		-1.635101
-0.091241		-1.600889
-0.020436		-1.563672
0.050411		-1.523291
0.121148		-1.479582
0.191598		-1.432373
0.261556		-1.381491
0.330787		-1.326764
0.399016		-1.268021
0.465931		-1.205101
0.531175		-1.137858
0.594343		-1.066169
0.654982		-0.989944
0.712591		-0.909138
0.766623		-0.823769
0.816491		-0.733926
0.861586		-0.639791
0.901286		-0.541652
0.934988		-0.439907
0.962132		-0.335077
0.982237		-0.227795
0.994927		-0.118794
0.999965		-0.008879
0.997265		0.101104
0.986904		0.210311
0.969110		0.317934
0.944248		0.423238
0.912792		0.525587
0.875292		0.624455
