n 		 spin_accpt		Ecalc		 Mabs_calc
1		215		-264.000000		46.000000
11		1853		-361.454545		23.090909
21		3139		-401.714286		24.952381
31		3859		-452.516129		17.290323
41		5349		-440.390244		148.292683
51		6437		-446.823529		61.333333
61		7617		-457.573770		56.721311
71		6954		-528.788732		257.859155
81		10100		-451.604938		31.777778
91		10497		-477.670330		184.417582
101		12769		-447.089109		116.693069
111		14758		-428.036036		53.081081
121		14494		-469.322314		176.380165
131		15652		-465.435115		85.465649
141		17005		-462.184397		131.234043
151		15822		-501.854305		218.847682
161		16911		-500.670807		214.173913
171		20362		-466.713450		155.929825
181		23130		-442.475138		94.895028
191		24094		-446.910995		94.785340
201		20535		-508.716418		191.124378
211		25920		-453.421801		82.473934
221		23734		-495.493213		157.511312
231		24847		-489.904762		196.354978
241		30034		-448.331950		85.062241
251		24663		-521.370518		244.948207
261		32568		-450.590038		65.440613
271		28519		-503.129151		203.018450
281		30205		-495.928826		195.637011
291		34826		-462.281787		125.594502
301		34751		-471.880399		150.265781
311		35638		-478.315113		132.218650
321		37162		-477.694704		140.442368
331		36080		-493.196375		195.015106
341		37677		-487.788856		158.768328
351		41320		-468.592593		141.225071
361		40795		-482.925208		160.498615
371		44611		-463.309973		85.013477
381		35646		-533.501312		252.209974
391		47947		-453.780051		99.595908
401		47151		-469.286783		149.945137
411		43517		-499.474453		204.233577
421		49451		-469.301663		110.275534
431		48368		-483.823666		174.000000
441		48666		-487.274376		165.678005
451		44749		-518.855876		236.651885
461		50878		-489.136659		176.577007
471		52829		-483.040340		171.074310
481		47494		-518.852391		243.925156
491		58151		-466.134420		130.692464
501		51710		-509.453094		207.061876
511		54244		-497.549902		196.692759
521		56063		-495.692898		183.531670
531		63971		-462.553672		91.755179
541		60901		-482.609982		174.033272
551		58945		-496.479129		181.038113
561		64449		-476.641711		151.326203
571		61515		-497.246935		185.751313
581		64355		-487.194492		173.721170
591		63273		-495.708968		195.996616
601		64666		-494.895175		178.222962
611		66686		-491.083470		159.882160
621		67304		-491.961353		180.959742
631		67438		-496.310618		206.630745
641		70197		-491.531981		186.639626
651		74594		-477.579109		164.101382
661		68936		-502.698941		208.254160
671		78071		-471.326379		123.752608
681		77854		-477.844347		132.540382
691		82712		-463.282200		90.735166
701		78906		-482.225392		167.537803
711		83377		-471.144866		140.331927
721		77270		-496.948682		187.786408
731		79749		-491.688098		192.842681
741		79765		-496.550607		200.696356
751		82815		-490.071904		171.363515
761		79875		-502.191853		197.839685
771		85431		-486.189364		168.119326
781		85565		-489.982074		179.101152
791		88309		-483.696587		174.278129
801		89680		-483.810237		166.968789
811		88721		-491.556104		165.782984
821		88964		-492.867235		180.518879
831		96035		-474.527076		135.992780
841		95697		-478.449465		135.521998
851		94780		-487.116334		176.408931
861		94746		-490.355401		173.112660
871		93053		-496.289323		187.554535
881		94870		-495.437003		184.631101
891		100238		-480.996633		149.189675
901		96110		-496.723640		160.266371
911		101990		-482.432492		170.906696
921		99263		-494.940282		179.507058
931		106957		-477.254565		126.534909
941		101621		-495.268863		180.824655
951		102312		-494.914826		192.073607
961		103990		-494.534860		192.684703
971		104047		-496.461380		185.548919
981		103533		-500.562691		187.834862
991		111290		-482.490414		178.177598
1001		109700		-489.986014		169.190809
1011		115590		-478.575668		157.038576
1021		109656		-495.839373		187.093046
1031		114349		-487.022308		181.612027
1041		111155		-498.947166		193.696446
1051		110494		-502.999049		194.331113
1061		118375		-485.308200		163.125353
1071		113066		-501.056956		185.452848
1081		123400		-478.123959		142.989824
1091		124553		-477.191567		146.769936
1101		116397		-499.694823		185.640327
1111		115761		-504.291629		197.962196
1121		126315		-482.501338		163.537913
1131		116347		-507.819629		203.011494
1141		124289		-490.131464		167.186678
1151		128276		-484.403128		167.563858
1161		121344		-503.093885		203.483204
1171		121251		-507.579846		217.834330
1181		135047		-478.604572		151.671465
1191		129665		-491.691016		192.352645
1201		142084		-466.694421		132.609492
1211		133720		-486.959538		156.037985
1221		125863		-507.331695		197.294021
1231		128895		-503.262388		204.955321
1241		132488		-497.218372		180.182111
1251		136180		-491.622702		197.080735
1261		143693		-478.934179		140.886598
1271		134674		-499.628639		188.900079
1281		147777		-474.941452		138.591725
1291		129097		-515.085980		226.503486
1301		142370		-491.277479		176.502690
1311		140532		-494.791762		183.517925
1321		140961		-496.635882		198.799394
1331		140040		-500.637115		196.516905
1341		145686		-491.319911		182.524981
1351		148797		-486.990377		168.115470
1361		148252		-492.996326		180.429096
1371		148814		-492.484318		170.377826
1381		148636		-495.834902		185.797248
1391		149232		-496.278936		182.921639
1401		155754		-486.138473		162.259814
1411		157811		-484.541460		162.391212
1421		153059		-494.941590		184.828994
1431		154961		-493.417191		189.640811
1441		152270		-501.343511		209.701596
1451		153064		-500.700207		192.923501
1461		152711		-504.320329		202.394251
1471		165873		-481.125765		166.000000
1481		166993		-481.002026		154.937205
1491		165720		-486.728370		153.220657
1501		160525		-496.890073		178.002665
1511		164751		-490.406353		186.553276
1521		162196		-497.951348		195.798817
1531		167668		-488.770738		170.730242
1541		163891		-498.855289		198.725503
1551		175548		-480.105738		145.089620
1561		165195		-499.997438		199.942345
1571		166113		-499.152132		209.462763
1581		173495		-488.040481		166.564200
1591		174976		-488.221245		164.168448
1601		177198		-486.750781		161.806371
1611		170993		-498.887647		190.348852
1621		166312		-507.987662		212.859963
1631		184086		-481.263029		155.101165
1641		165590		-513.981718		224.257160
1651		171902		-504.947305		200.008480
1661		176142		-500.173390		198.797110
1671		180235		-495.341712		185.372831
1681		186967		-486.243902		173.476502
1691		200226		-466.145476		118.437611
1701		180743		-498.332745		189.844797
1711		183981		-495.775570		184.990064
1721		182140		-499.714120		182.726322
1731		189784		-489.076834		174.935875
1741		181329		-503.933372		201.279724
1751		195485		-483.920046		163.910908
1761		191970		-491.105054		172.869960
1771		192077		-494.251835		180.152456
1781		182006		-510.636721		222.592925
1791		196525		-488.873255		166.476829
1801		192390		-496.333148		187.232649
1811		191625		-499.463280		205.017118
1821		195045		-497.019220		184.121911
1831		194832		-498.300382		184.468596
1841		197245		-496.154264		193.489408
1851		205833		-484.713128		160.787682
1861		202695		-492.348200		185.707684
1871		197430		-500.194548		190.524853
1881		201461		-495.955343		180.664540
1891		205687		-490.845056		176.984664
1901		194142		-510.880589		211.233035
1911		212671		-485.825222		177.810570
1921		212138		-488.776679		168.289433
1931		216195		-483.175557		159.892284
1941		209732		-493.271510		178.231839
1951		221225		-480.213224		151.874936
1961		211069		-496.456910		192.779194
1971		219614		-483.529173		168.279046
1981		207508		-502.608783		198.531045
1991		218625		-489.986941		164.330487
2001		222565		-485.617191		165.039480
2011		226523		-482.080557		157.046246
2021		205028		-511.847600		225.345868
2031		215347		-499.377646		182.647957
2041		230121		-484.131308		148.655561
2051		228993		-483.959044		164.316919
2061		216787		-501.649685		192.115478
2071		212866		-507.063254		206.297441
2081		221279		-498.867852		191.137914
2091		223842		-496.841703		189.452893
2101		229606		-490.773917		185.895288
2111		229531		-492.591189		182.719090
2121		228327		-494.677982		164.389439
2131		247036		-472.685124		140.088221
2141		242452		-480.203643		153.227464
2151		247648		-473.896792		136.087401
2161		221020		-509.101342		217.785285
2171		222625		-508.217411		209.738369
2181		232351		-497.346171		182.293443
2191		239936		-489.285258		173.014149
2201		233920		-498.526124		200.552476
2211		239575		-492.801447		182.868385
2221		234975		-500.938316		197.942368
2231		237472		-497.774989		188.825639
2241		255739		-477.181615		140.058902
2251		251793		-483.877388		154.573967
2261		247141		-490.736842		169.668288
2271		236474		-503.062968		195.588727
2281		256718		-482.142920		150.714599
2291		254968		-485.480576		171.103448
2301		242643		-502.346806		183.636680
2311		256524		-486.463003		163.371701
2321		249546		-495.017665		178.996984
2331		243613		-504.000000		198.046332
2341		245184		-502.761213		195.248185
2351		259670		-487.879200		166.161633
2361		252608		-497.130030		179.828886
2371		265297		-484.067482		154.245466
2381		261782		-489.646367		174.670307
2391		261156		-491.315767		176.627353
2401		270714		-480.388172		150.246564
2411		260057		-493.695562		182.889258
2421		266614		-489.192895		181.649732
2431		259867		-497.327849		182.173591
2441		268106		-489.696026		172.557968
2451		289027		-468.073439		118.858425
2461		272520		-487.938236		160.673710
2471		262274		-498.873331		187.228652
2481		273386		-488.420798		173.878275
2491		272261		-491.110397		178.469691
2501		279353		-484.537385		158.451819
2511		276381		-488.852250		159.698925
2521		273704		-492.815549		178.053947
2531		274509		-492.810747		186.094034
2541		283414		-484.081858		167.066509
2551		273620		-497.514700		186.702470
2561		285275		-484.674736		153.543928
2571		276493		-495.242318		192.201478
2581		274126		-499.345990		183.388609
2591		284292		-489.824778		173.886530
2601		294584		-480.164552		156.439831
2611		263483		-513.956339		221.245500
2621		285631		-492.163296		178.592903
2631		285953		-493.009502		187.301406
2641		278667		-501.164710		192.311246
2651		288075		-492.122218		175.563938
2661		284070		-497.091319		189.313040
2671		297647		-484.901535		156.708349
2681		280822		-503.251026		197.462141
2691		280035		-503.922705		190.820513
2701		285113		-500.801185		199.816364
2711		286866		-500.228698		191.227591
2721		295101		-492.652701		186.820287
2731		296655		-491.649945		173.778836
2741		301024		-489.033200		169.757023
2751		306428		-486.253726		165.611051
2761		289157		-502.671496		207.454545
2771		299890		-494.179719		176.336341
2781		302055		-492.559511		176.202805
2791		304163		-490.926550		176.795414
2801		307198		-489.702249		170.523385
2811		307632		-489.696194		166.955532
2821		294983		-504.215526		198.383552
2831		318411		-482.031791		155.841752
2841		305777		-495.740936		179.311510
2851		330389		-473.513855		141.024202
2861		303567		-499.320517		194.348829
2871		312181		-491.381400		174.083595
2881		328150		-478.240889		144.501215
2891		307948		-497.872017		190.101003
2901		299632		-505.857291		200.582558
2911		311153		-497.135005		187.356235
2921		293799		-513.404998		215.122218
2931		303207		-506.273627		204.997612
2941		311541		-500.795648		194.523631
2951		333943		-480.866147		154.956964
2961		328742		-486.774738		164.525498
2971		324874		-489.915853		173.095927
2981		326549		-490.159007		172.925864
2991		310128		-505.904380		203.053828
3001		332259		-486.557814		172.891036
3011		326161		-493.200930		174.868814
3021		341311		-481.427342		144.202582
3031		329643		-492.706038		172.493566
3041		320489		-501.204867		196.285432
3051		321705		-501.518191		194.631268
3061		324014		-500.039203		193.589677
3071		340390		-486.244220		162.926083
3081		330207		-497.072379		190.297955
3091		337232		-491.886121		173.121967
3101		343810		-486.466301		161.117704
3111		343377		-488.115718		172.917390
3121		335512		-495.656520		180.751682
3131		349497		-484.746088		145.986586
3141		337305		-495.866285		178.523400
3151		329166		-503.267534		203.942875
3161		335844		-498.547295		188.871243
3171		347113		-490.889940		168.901924
3181		349272		-488.909148		167.195222
3191		345366		-493.383892		162.528988
3201		351185		-489.288347		178.177445
3211		347965		-493.950794		178.468390
3221		346129		-496.124185		174.664390
3231		351793		-490.979882		170.276695
3241		355092		-490.370873		176.173403
3251		351356		-494.434943		185.918179
3261		339526		-505.081877		195.286109
3271		344233		-501.369612		201.882605
3281		362237		-488.292594		160.425480
3291		346951		-501.017320		194.366454
3301		371466		-482.107240		154.939109
3311		361895		-490.543038		174.858351
3321		362762		-490.791930		173.912677
3331		351464		-501.154008		203.679976
3341		360039		-494.363364		184.071835
3351		380748		-479.477171		148.748433
3361		377320		-482.718239		152.909253
3371		355713		-500.899436		189.959656
3381		359814		-498.038450		196.482106
3391		384572		-479.642583		141.677971
3401		380961		-482.348721		151.913555
3411		342830		-514.128408		221.590150
3421		364697		-496.833674		188.838351
3431		384745		-482.918100		149.159429
3441		383272		-485.329846		161.675676
3451		363290		-501.197334		197.605332
3461		379235		-490.350766		170.994510
3471		378668		-490.922501		187.031979
3481		376699		-494.217754		176.710141
3491		372105		-497.900888		194.623890
3501		366680		-503.258498		198.403885
3511		392646		-484.063799		163.072059
3521		379851		-494.852599		182.044874
3531		375485		-498.627018		187.448881
3541		377603		-497.499012		190.598136
3551		396226		-484.171219		164.597015
3561		380776		-497.669194		184.374614
3571		374677		-501.514422		198.813778
3581		398055		-486.293214		170.504328
3591		385406		-495.378446		188.071289
3601		393010		-491.718967		174.451541
3611		388140		-496.297978		183.715314
3621		401557		-486.283347		166.019884
3631		393639		-493.878270		182.773341
3641		394956		-492.923922		172.970612
3651		394090		-494.983292		179.425363
3661		397100		-492.798689		181.162524
3671		403007		-489.195315		170.865159
3681		379204		-506.519967		214.049986
3691		391987		-499.406123		187.487944
3701		409495		-487.600108		155.724939
3711		392894		-499.913770		191.770412
3721		408029		-489.604945		174.325719
3731		410997		-488.027875		163.094613
3741		393722		-501.198610		199.578722
3751		397335		-499.651293		191.492402
3761		413115		-489.473012		167.424089
3771		407992		-493.728984		179.899761
3781		403580		-498.049193		193.276911
3791		423093		-483.877605		157.177526
3801		417307		-488.648250		175.558537
3811		393841		-506.283915		202.421936
3821		402706		-500.532845		196.935357
3831		426443		-485.303054		168.191595
3841		424232		-487.995834		166.916949
3851		433525		-481.949623		152.737990
3861		422922		-490.411810		171.244237
3871		419110		-493.311289		173.667786
3881		423331		-490.875548		171.197114
3891		431546		-487.115909		163.264456
3901		441894		-479.219687		148.812612
3911		412086		-501.273332		196.404500
3921		431939		-487.973476		162.731446
3931		421238		-496.317476		185.121852
3941		413427		-502.901802		203.109363
3951		430163		-492.630726		186.049101
3961		427617		-495.018430		175.024994
3971		427768		-494.824477		186.305716
3981		423676		-498.561166		193.242904
3991		425915		-497.830118		190.874969
4001		440576		-488.940765		161.083229
4011		424625		-499.325854		188.518075
4021		435720		-492.489430		178.759015
4031		441603		-488.766063		164.260481
4041		437981		-493.647117		168.682504
4051		426873		-501.128610		196.540114
4061		441530		-491.860133		176.524009
4071		455346		-483.314173		158.213215
4081		428203		-501.710365		195.613330
4091		441406		-495.017355		185.294060
4101		428882		-503.538649		201.258230
4111		455128		-486.321576		154.966188
4121		446384		-493.000728		186.407668
4131		437412		-499.067538		190.152021
4141		447248		-493.989858		183.121951
4151		449170		-493.611178		177.538906
4161		465645		-483.331891		156.611872
4171		443680		-498.262287		189.333973
4181		457618		-491.086343		171.202105
4191		454641		-493.188261		179.496063
4201		451802		-495.562961		188.232326
4211		453036		-495.991451		184.690572
4221		445651		-500.172471		195.738924
4231		445378		-500.574805		194.914677
4241		452715		-497.192172		191.525584
4251		434713		-509.653258		211.491414
4261		458984		-495.020887		183.086130
4271		471794		-487.217045		160.779209
4281		453823		-499.990656		192.691894
4291		460469		-494.886041		183.833605
4301		466557		-492.621251		182.332016
4311		465239		-494.627697		179.043377
4321		477999		-486.703078		171.360333
4331		459157		-499.447703		194.716694
4341		478659		-488.239576		172.673578
4351		475199		-490.045507		171.936107
4361		458571		-501.816097		199.008943
4371		474082		-492.414550		178.134981
4381		494877		-480.092216		149.754850
4391		463064		-501.172398		199.245730
4401		479270		-491.185640		174.094524
4411		473470		-495.536613		180.676944
4421		477984		-493.491065		180.477268
4431		464827		-501.925525		193.120289
4441		490321		-487.908129		166.500788
4451		470409		-500.275893		191.291395
4461		501099		-483.235149		159.915714
4471		480889		-495.581302		186.485350
4481		495319		-488.181210		170.627985
4491		476752		-499.618793		194.716099
4501		497400		-487.316596		161.682293
4511		471150		-503.247174		198.696963
4521		476928		-500.995355		193.055961
4531		503239		-485.238579		159.399250
4541		485229		-497.292226		186.369522
4551		511349		-482.235992		156.667546
4561		497827		-490.887086		174.792370
4571		493465		-493.586524		174.211770
4581		489961		-496.659245		187.787383
4591		477950		-504.832934		199.577870
4601		492767		-495.165399		182.587264
4611		495791		-495.803947		170.786380
4621		515608		-484.291712		158.167063
4631		493992		-497.179875		184.941913
4641		508951		-489.758242		165.925016
4651		496232		-498.171576		187.973769
4661		504840		-493.069298		178.347565
4671		513265		-489.344466		171.523871
4681		498674		-498.002991		181.944029
4691		509005		-492.774249		168.835216
4701		512455		-491.501383		178.838120
4711		511667		-492.475483		178.900021
4721		505549		-496.393137		187.922474
4731		527477		-484.279011		155.135489
4741		507408		-496.048935		184.747100
4751		515815		-492.683646		184.788466
4761		519231		-491.592523		176.300357
4771		515962		-493.933347		189.965626
4781		538948		-481.741058		147.636896
4791		520410		-492.502609		177.404717
4801		502604		-502.556134		203.158925
4811		510186		-498.840989		188.091457
4821		515688		-496.660444		181.768098
4831		522154		-493.901884		178.546885
4841		504108		-504.073539		197.001859
4851		521999		-495.439291		178.439085
4861		518639		-497.680313		188.298293
4871		520879		-497.003490		190.598234
4881		520427		-497.492317		187.071911
4891		530596		-492.627275		182.731139
4901		527079		-495.374005		183.845338
4911		518578		-499.731216		198.277744
4921		520076		-500.869742		193.762650
4931		528318		-496.562969		186.924762
4941		532355		-494.938676		188.782433
4951		544418		-489.065643		169.458291
4961		533823		-495.055029		175.621447
4971		546416		-489.296319		171.576745
4981		543522		-490.504718		178.967677
4991		532533		-497.421759		183.397315
5001		536980		-495.796841		181.607279
5011		516851		-507.459589		210.112952
5021		542445		-493.760605		182.630552
5031		549692		-491.297953		172.176108
5041		553998		-488.862527		165.411625
5051		531393		-501.919620		197.547416
5061		547822		-493.402885		177.346769
5071		536327		-500.033918		188.422007
5081		549330		-494.074395		173.456406
5091		568770		-483.732862		158.054213
5101		558199		-490.594785		171.747500
5111		561902		-488.439053		166.399139
5121		565653		-486.975200		169.254442
5131		542686		-500.362502		189.895927
5141		545436		-499.690333		195.269014
5151		571223		-485.855174		164.500485
5161		570456		-487.111800		164.581670
5171		548894		-498.852833		191.137498
5181		543909		-502.096892		195.276588
5191		546369		-501.259873		196.765556
5201		570222		-490.019612		174.494520
5211		574694		-487.987718		168.605642
5221		563134		-494.756560		184.902892
5231		571316		-491.958708		178.291722
5241		574554		-490.024804		173.137188
5251		560292		-497.474767		195.210436
5261		568835		-493.444592		178.091998
5271		563670		-497.142098		186.356289
5281		570741		-494.576027		175.689453
5291		573604		-493.093177		178.384804
5301		582772		-489.085078		180.269006
5311		561577		-500.494069		189.801544
5321		582300		-490.078557		177.536929
5331		575652		-493.941099		181.000188
5341		586948		-489.184048		162.305935
5351		567978		-498.502710		196.875350
5361		575278		-495.717217		179.415035
5371		596570		-486.226773		159.626513
5381		586593		-490.921390		179.863594
5391		584429		-492.606196		174.054164
5401		571027		-500.448065		185.134234
5411		606021		-483.220846		159.016448
5421		582548		-495.479063		180.100350
5431		582019		-496.763027		193.992267
5441		581467		-497.476934		185.003492
5451		595048		-490.913227		175.827188
5461		597049		-490.095587		171.822011
5471		599175		-490.040578		165.039664
5481		598540		-491.325670		182.792556
5491		596331		-492.315425		179.161537
5501		597741		-491.998546		174.070169
5511		611104		-486.352386		168.525857
5521		594039		-494.625611		183.574715
5531		608212		-488.873621		165.932020
5541		608220		-489.520303		172.553691
5551		594740		-496.265177		187.056747
5561		611198		-489.925553		162.473656
5571		606371		-491.179321		176.989050
5581		586406		-501.153915		199.469271
5591		621022		-485.827222		164.243964
5601		605047		-494.364578		172.788074
5611		600663		-497.063625		187.410087
5621		599171		-497.996798		191.504714
5631		601886		-497.044219		185.007281
5641		598087		-499.397270		197.531998
5651		598640		-500.425411		191.503097
5661		612866		-493.257728		177.270094
5671		630757		-485.973550		154.507142
5681		599233		-500.855483		194.733322
5691		613882		-495.156563		182.691970
5701		648903		-478.897737		144.554990
5711		607950		-498.767992		191.950271
5721		630291		-488.674008		161.511973
5731		627145		-490.297679		174.642820
5741		625157		-491.774255		173.486849
5751		611611		-498.322379		180.786298
5761		613282		-498.644680		186.248568
5771		631707		-490.188875		171.202218
5781		635976		-488.762498		171.354783
5791		628028		-492.960801		175.899499
5801		639922		-488.126185		167.960696
5811		636432		-489.674755		170.120117
5821		618162		-499.175399		180.673767
5831		640709		-488.921283		167.627165
5841		630456		-494.177709		181.769560
5851		622098		-498.922577		187.094856
5861		633702		-493.640676		178.955810
5871		641048		-491.208993		173.496508
5881		631821		-495.221901		183.379697
5891		636611		-493.565099		176.975047
5901		649984		-488.193188		175.217760
5911		640282		-493.553037		180.080189
5921		652104		-488.769465		165.247762
5931		646902		-492.136233		172.813691
5941		641124		-494.763171		182.865848
5951		649508		-491.706268		165.817510
5961		639275		-495.820164		187.609461
5971		641920		-494.840395		182.942891
5981		634838		-499.276375		192.775456
5991		650809		-491.879820		177.710232
6001		648586		-493.958340		178.906849
6011		654338		-491.962735		170.494427
6021		663124		-488.261086		162.264076
6031		644548		-496.628088		180.747803
6041		656131		-492.722397		175.960934
6051		643379		-498.991241		192.834903
6061		648600		-496.954958		185.911236
6071		628602		-505.808598		206.724428
6081		664056		-490.761388		175.183687
6091		651148		-497.248399		182.775899
6101		661066		-492.837895		179.869202
6111		653316		-496.968090		187.139584
6121		654749		-497.317432		184.051626
6131		649817		-498.785190		186.920568
6141		667075		-492.400586		170.933398
6151		662852		-494.194765		186.890587
6161		670309		-492.992047		176.107775
6171		674640		-490.704262		176.419057
6181		669046		-494.020385		178.018120
6191		683692		-488.096915		166.285253
6201		681699		-488.943074		167.083051
6211		676273		-491.924006		177.657704
6221		663845		-497.361839		186.428227
6231		666217		-496.598299		181.993580
6241		679898		-491.411633		174.218875
6251		679043		-491.817629		177.653495
6261		686445		-489.589522		176.041207
6271		674486		-495.595599		184.814862
6281		677169		-495.044101		175.221462
6291		673787		-496.331903		187.132411
6301		683019		-492.834788		183.322330
6311		677635		-495.626050		187.275234
6321		662741		-502.477456		196.365449
6331		689862		-491.430106		173.952298
6341		675943		-498.098723		191.538243
6351		685613		-494.313966		183.594395
6361		690596		-493.027511		177.505424
6371		689507		-493.671951		176.884633
6381		674073		-500.027582		195.034321
6391		679194		-499.145674		186.405883
6401		717254		-482.278394		151.260428
6411		674414		-502.179379		190.753393
6421		699691		-491.349011		177.072419
6431		729679		-479.381123		147.825533
6441		695285		-494.597112		177.909020
6451		681251		-501.050380		195.704232
6461		684716		-499.585204		189.003250
6471		703878		-491.741616		176.215732
6481		690302		-498.519364		198.148434
6491		697855		-495.905716		190.647050
6501		720507		-486.353484		161.535764
6511		706572		-493.003225		175.671633
6521		702684		-494.753565		179.720902
6531		690541		-500.504670		190.005512
6541		678535		-505.384498		207.416297
6551		693112		-499.692871		189.290490
6561		691453		-501.452827		191.417162
6571		706514		-494.906103		180.435246
6581		715519		-491.630451		182.014284
6591		707883		-495.159460		181.133971
6601		708528		-495.769126		190.476594
6611		707669		-496.379973		185.546816
6621		704847		-497.921160		190.559432
6631		723693		-491.388931		168.093500
6641		714204		-496.009637		186.837524
6651		699558		-501.668922		194.756578
6661		706030		-498.712506		191.574538
6671		737084		-487.661220		173.710088
6681		715306		-495.959886		184.968119
6691		748522		-483.221641		161.800628
6701		738653		-488.407103		171.827787
6711		718868		-496.774847		186.882432
6721		750023		-484.594554		159.331052
6731		724631		-495.003417		184.434111
6741		715823		-499.803590		189.489690
6751		715643		-499.770701		188.120575
6761		733241		-492.873835		180.157669
6771		732516		-493.549550		180.978881
6781		717484		-500.143932		194.563044
6791		736881		-492.156089		178.161685
6801		767494		-481.516836		145.044258
6811		736332		-493.865218		183.857877
6821		699617		-508.238675		213.814397
6831		771056		-481.196311		159.834285
6841		742540		-492.796960		179.135799
6851		733373		-496.152970		187.438038
6861		741176		-493.782830		177.696254
6871		739836		-495.562218		183.800611
6881		718207		-503.598896		200.201715
6891		730007		-500.263532		192.071978
6901		753702		-490.732937		172.905956
6911		746493		-494.051223		175.872088
6921		744373		-495.452102		181.365121
6931		753304		-492.367624		174.828740
6941		741193		-497.262066		181.763723
6951		745139		-496.351604		183.621925
6961		753812		-493.768711		172.652205
6971		760074		-491.306843		174.209152
6981		777358		-484.491620		162.975505
6991		739085		-500.498927		188.201974
7001		764132		-491.317240		178.105985
7011		737566		-501.673370		201.069462
7021		751052		-496.631249		188.571713
7031		746589		-499.010667		190.196843
7041		758331		-494.679165		177.844624
7051		757824		-495.503049		184.491561
7061		761625		-494.954822		179.920691
7071		787003		-485.737802		163.768915
7081		773517		-490.531281		169.060867
7091		771309		-492.173177		176.583557
7101		747699		-500.624701		194.069286
7111		746549		-502.385037		196.661792
7121		779025		-490.678276		170.132566
7131		771519		-493.734399		182.702566
7141		760385		-497.945386		183.004341
7151		751976		-501.989092		195.986855
7161		792031		-487.047060		166.096076
7171		771410		-495.045600		178.452378
7181		782742		-491.121014		174.716613
7191		789560		-489.559171		169.645946
7201		788496		-489.868629		173.046799
7211		780675		-493.057828		181.459437
7221		777697		-494.569173		184.559479
7231		765201		-499.763242		190.884802
7241		805781		-485.325784		161.380749
7251		784433		-493.801131		173.157082
7261		766702		-500.039664		196.534637
7271		769517		-499.921881		190.417824
7281		787132		-493.862931		179.236094
7291		766240		-501.396791		191.844740
7301		799664		-490.373374		171.392686
7311		790977		-493.041171		176.452742
7321		802874		-489.305833		171.228794
7331		808067		-488.049107		169.137362
7341		791768		-493.939245		179.509331
7351		793081		-493.985036		184.770507
7361		801645		-492.341258		171.916859
7371		802057		-491.896351		174.943698
7381		786109		-497.594906		191.184121
7391		799560		-493.791368		173.945068
7401		795637		-495.600054		184.333198
7411		806628		-492.183511		180.302523
7421		801621		-494.606657		178.669991
7431		814944		-489.502355		170.746333
7441		804626		-493.675581		178.713883
7451		815413		-490.000268		172.898134
7461		828165		-486.342313		164.663718
7471		804163		-495.065185		183.962789
7481		812278		-492.807379		178.158000
7491		801157		-497.411294		186.737418
7501		824298		-489.306492		171.966404
7511		798208		-498.730928		190.279324
7521		818873		-491.668129		176.644329
7531		808200		-496.128535		186.573363
7541		814977		-493.938204		174.648190
7551		817563		-493.417561		177.288041
7561		813938		-495.046158		180.733765
7571		804452		-498.726192		194.486065
7581		821287		-493.123335		176.772985
7591		827969		-491.257542		177.581610
7601		836320		-488.420471		170.028154
7611		798165		-502.744974		197.517278
7621		845492		-485.995539		161.399554
7631		813165		-497.920063		185.712751
7641		829498		-492.228766		179.528334
7651		818453		-496.567769		189.661482
7661		807064		-500.713745		195.210286
7671		838254		-490.673445		176.246643
7681		834483		-492.761359		178.724385
7691		838721		-491.037316		177.005331
7701		829645		-494.632385		182.358914
7711		822942		-497.094022		188.874076
7721		820122		-498.304883		189.990416
7731		831120		-495.321174		183.769499
7741		828698		-496.565302		184.605348
7751		841357		-492.827764		181.092504
7761		843531		-491.737147		176.598119
7771		842410		-492.441642		174.963583
7781		837919		-495.201645		176.342115
7791		859956		-487.793095		169.743550
7801		840235		-494.911934		181.063710
7811		866450		-486.082704		169.531942
7821		843528		-494.454418		184.698888
7831		853394		-491.979058		172.803218
7841		863214		-488.749904		165.323811
7851		852258		-492.606802		180.820278
7861		863620		-488.818725		170.986134
7871		840890		-497.653157		185.150807
7881		866137		-488.615150		165.952798
7891		868095		-488.495755		166.145482
7901		874709		-487.294267		170.398431
7911		847750		-496.304892		184.279863
7921		857645		-493.106931		177.358162
7931		874220		-488.578489		166.346236
7941		858891		-494.117617		177.603325
7951		851343		-496.295309		185.569865
7961		865454		-492.212536		178.614998
7971		847066		-498.974784		187.904403
7981		873793		-490.375141		173.989726
7991		885355		-485.809035		167.323739
8001		847983		-499.407074		193.675541
8011		873090		-491.633504		176.449132
8021		862007		-495.538711		180.482733
8031		865962		-494.749346		174.900012
8041		875269		-491.776645		172.908345
8051		856120		-497.891939		187.746615
8061		870387		-493.913906		180.198487
8071		865708		-496.097634		180.251766
8081		873388		-494.089840		185.976488
8091		871272		-494.643925		182.474107
8101		877037		-493.647204		182.899889
8111		853343		-501.887807		196.973000
8121		878124		-493.611624		184.296515
8131		862194		-499.206986		183.364408
8141		855928		-501.418990		195.102813
8151		865907		-498.887989		190.034106
8161		896609		-489.102316		172.021811
8171		860402		-501.215029		193.970138
8181		904029		-487.429899		168.068696
8191		882483		-495.078012		183.004761
8201		882096		-495.321058		180.813559
8211		900744		-489.621727		173.839971
8221		895527		-492.197543		174.462474
8231		916071		-485.331551		159.817033
8241		867637		-500.944060		193.470938
8251		890447		-494.068113		182.569386
8261		893730		-493.439051		180.347416
8271		901371		-491.124169		175.044372
8281		873459		-501.197923		192.434972
8291		906941		-490.105416		170.087082
8301		882300		-498.171787		187.265631
8311		901529		-493.057875		170.819155
8321		927213		-485.070544		160.365821
8331		908592		-490.788621		169.070460
8341		929422		-485.337010		161.711066
8351		913897		-490.640642		173.921686
8361		869423		-504.757804		206.005023
8371		917793		-489.750806		169.951260
8381		909312		-493.057153		175.657320
8391		904996		-494.032177		183.796925
8401		903635		-494.673491		176.727294
8411		931769		-486.491499		164.664130
8421		905654		-494.665242		180.990856
8431		925738		-489.776776		174.709999
8441		915957		-493.029262		179.942424
8451		900749		-498.246835		184.692462
8461		922014		-491.405271		179.139818
8471		933605		-488.601110		169.520718
8481		908016		-496.748497		189.296781
8491		897222		-499.946767		192.142504
8501		944512		-486.019057		160.300906
8511		907130		-497.673129		181.825167
8521		905174		-498.803896		192.125103
8531		920194		-494.037745		179.548001
8541		941606		-488.287554		163.650626
8551		942507		-488.266635		168.440650
8561		908434		-498.989838		190.922556
8571		925676		-494.210711		183.127990
8581		908861		-499.741755		188.267102
8591		920743		-496.543359		181.642184
8601		925692		-494.887571		179.408441
8611		928949		-494.162350		181.500406
8621		931917		-493.536713		176.116692
8631		925268		-495.892481		175.719847
8641		939991		-491.891216		177.503993
8651		936885		-493.747775		178.780025
8661		968678		-483.443944		153.672786
8671		918995		-499.445508		193.234921
8681		937579		-494.313098		176.771570
8691		946060		-492.066736		174.036129
8701		931455		-496.805884		187.367659
8711		930715		-497.149811		183.980255
8721		963832		-487.386768		168.453847
8731		931564		-497.547131		185.195281
8741		948403		-492.830569		175.994509
8751		947840		-492.825506		178.854074
8761		964234		-488.967926		169.522429
8771		938063		-496.563676		183.910387
8781		955395		-492.011844		180.183578
8791		971153		-487.418041		162.325333
8801		937091		-497.932962		191.362800
8811		935503		-498.446487		191.266826
8821		958618		-492.234894		174.455277
8831		949739		-495.718718		182.672178
8841		954091		-494.651736		177.953173
8851		975298		-488.385945		165.524122
8861		944820		-498.073807		188.424557
8871		939642		-499.700597		192.628790
8881		959349		-494.010134		176.302669
8891		957031		-494.644922		182.846249
8901		941785		-500.155039		190.552297
8911		963471		-493.356077		181.892044
8921		947754		-498.531555		190.971192
8931		967150		-493.373194		177.481805
8941		958353		-496.060843		185.926406
8951		982683		-489.590884		169.895654
8961		966696		-494.212253		179.391363
8971		966145		-494.818861		180.977817
8981		986471		-489.058234		168.487028
8991		956439		-498.190190		190.607051
9001		983067		-491.163204		173.631819
9011		993044		-488.180224		166.302519
9021		983510		-491.541071		177.101873
9031		981166		-492.146606		182.372716
9041		974074		-495.143015		183.957084
9051		999621		-487.403823		163.783007
9061		1018075		-482.151639		158.264871
9071		989876		-491.420130		172.573035
9081		969670		-497.605110		188.298425
9091		980436		-494.578374		186.324277
9101		984174		-493.874080		179.030216
9111		976135		-496.631764		188.183734
9121		1011492		-485.725249		163.376384
9131		978868		-496.496331		189.811412
9141		999064		-490.860081		167.381906
9151		983677		-495.445744		187.346301
9161		1005347		-489.518612		169.390241
9171		982976		-496.517283		187.864137
9181		988632		-495.057183		183.717024
9191		966559		-501.593298		193.703841
9201		977437		-498.814477		187.303337
9211		988505		-495.685159		184.498534
9221		1017551		-487.517623		169.030691
9231		988279		-496.875745		184.633301
9241		989606		-496.741045		185.338816
9251		999568		-493.523295		178.951465
9261		989397		-496.997301		180.960803
9271		992039		-496.648905		191.052098
9281		1024609		-488.091800		163.703696
9291		1028879		-486.745453		163.639005
9301		1034616		-485.302656		162.030104
9311		1010058		-493.281065		179.361400
9321		1032302		-486.829310		165.606051
9331		1018254		-490.918444		177.592970
9341		1010817		-492.887699		182.714485
9351		1001650		-496.159555		186.146081
9361		1003278		-496.326461		186.152120
9371		985259		-502.341692		201.461103
9381		981443		-503.101588		196.914401
9391		1023441		-491.761048		177.623469
9401		1025050		-490.948197		173.935326
9411		1010129		-495.819360		184.062268
9421		1037263		-488.254325		167.679440
9431		1004468		-497.647333		193.051850
9441		988623		-502.611164		201.490944
9451		1039716		-489.153740		168.922230
9461		1011252		-497.277243		185.275764
9471		1013712		-496.008869		187.513462
9481		1022403		-494.973104		179.326442
9491		1034183		-491.562533		177.412918
9501		1019572		-495.844648		186.801810
9511		1028674		-493.404269		180.141520
9521		1023082		-495.253020		182.019326
9531		1028390		-494.552933		184.624908
9541		1038980		-491.586207		175.774447
9551		1007193		-500.640771		192.768506
9561		1048516		-489.742077		170.665202
9571		1052011		-488.506948		173.509769
9581		1022309		-497.693769		185.967853
9591		1039769		-493.380878		182.113440
9601		1036509		-494.277679		181.170711
9611		1006615		-503.015711		198.556238
9621		1036676		-495.148114		178.837127
9631		1036449		-495.317620		179.297062
9641		1056828		-489.807696		173.414169
9651		1055730		-490.825821		177.309294
9661		1054292		-491.597143		175.399027
9671		1008410		-503.726192		198.769931
9681		1054352		-492.025204		173.063113
9691		1029963		-498.773295		190.555773
9701		1070787		-488.273786		164.081435
9711		1044748		-495.015961		182.609206
9721		1033478		-498.937146		188.331653
9731		1054706		-493.273867		178.308499
9741		1040482		-497.215481		188.933169
9751		1024542		-502.532663		202.507435
9761		1047341		-495.807807		182.960148
9771		1056782		-494.084536		180.181967
9781		1023154		-502.686433		202.152336
9791		1049721		-496.263099		183.725666
9801		1051621		-495.881645		187.754107
9811		1067075		-491.563755		176.206503
9821		1064261		-493.417778		176.770594
9831		1078556		-489.513173		170.197132
9841		1060457		-494.517630		182.643024
9851		1073209		-491.557811		179.878388
9861		1067836		-493.322787		175.966332
9871		1080991		-490.421234		173.959882
9881		1060502		-495.763587		184.832102
9891		1058238		-496.954403		186.600142
9901		1079591		-492.100192		179.163721
9911		1059140		-497.137726		185.135506
9921		1062573		-496.791856		178.334644
9931		1083557		-490.672037		169.012385
9941		1077192		-493.180968		180.918217
9951		1089121		-490.455633		174.559341
9961		1077407		-493.660074		175.563698
9971		1077080		-493.949253		180.810751
9981		1080977		-493.566977		180.289350
9991		1075618		-495.098389		185.854469
