n 		 spin_accpt		Ecalc		 Mabs_calc
1		0		-800.000000		400.000000
11		7		-794.909091		398.545455
21		6		-799.238095		399.809524
31		15		-797.161290		399.290323
41		24		-797.463415		399.365854
51		16		-799.372549		399.843137
61		16		-798.950820		399.737705
71		20		-797.971831		399.492958
81		22		-799.308642		399.827160
91		28		-799.384615		399.846154
101		16		-799.524752		399.881188
111		28		-798.774775		399.675676
121		18		-799.239669		399.801653
131		18		-799.694656		399.923664
141		52		-798.468085		399.617021
151		39		-799.099338		399.774834
161		38		-799.254658		399.813665
171		50		-798.853801		399.707602
181		56		-798.629834		399.657459
191		80		-798.910995		399.727749
201		60		-798.766169		399.681592
211		45		-799.241706		399.810427
221		60		-798.877828		399.719457
231		68		-798.545455		399.636364
241		62		-798.821577		399.692946
251		54		-799.219124		399.800797
261		59		-799.141762		399.785441
271		76		-798.789668		399.697417
281		66		-798.975089		399.743772
291		91		-798.639175		399.656357
301		98		-798.684385		399.661130
311		74		-799.305466		399.819936
321		100		-798.629283		399.651090
331		77		-799.117825		399.776435
341		112		-798.697947		399.665689
351		122		-798.507123		399.618234
361		108		-798.770083		399.678670
371		116		-798.609164		399.644205
381		106		-798.981627		399.732283
391		130		-798.567775		399.621483
401		112		-798.972569		399.735661
411		136		-798.627737		399.654501
421		111		-798.983373		399.733967
431		134		-798.979118		399.735499
441		116		-798.793651		399.696145
451		150		-798.572062		399.631929
461		122		-799.002169		399.748373
471		136		-798.785563		399.690021
481		150		-798.927235		399.725572
491		162		-798.818737		399.686354
501		154		-798.626747		399.652695
511		146		-799.107632		399.776908
521		174		-798.648752		399.654511
531		152		-798.757062		399.683616
541		156		-798.713494		399.670980
551		164		-798.715064		399.673321
561		178		-798.759358		399.682709
571		156		-798.788091		399.691769
581		142		-799.084337		399.769363
591		144		-798.849408		399.705584
601		186		-799.128120		399.780366
611		151		-798.952537		399.734861
621		184		-798.718196		399.665056
631		177		-798.992076		399.740095
641		166		-799.026521		399.747270
651		206		-798.531490		399.625192
661		191		-798.729198		399.676248
671		212		-798.885246		399.716841
681		156		-799.118943		399.779736
691		196		-798.824891		399.704776
701		178		-798.858773		399.706134
711		212		-798.857947		399.713080
721		233		-798.773925		399.689320
731		216		-798.785226		399.693570
741		218		-798.585695		399.641026
751		206		-798.652463		399.653795
761		206		-799.064389		399.763469
771		238		-798.827497		399.693904
781		277		-798.637644		399.651729
791		188		-799.109987		399.774968
801		226		-798.866417		399.715356
811		279		-798.466091		399.610358
821		248		-798.850183		399.707674
831		234		-798.719615		399.667870
841		230		-799.010702		399.747919
851		280		-798.636898		399.652174
861		236		-798.940767		399.732869
871		276		-798.700344		399.673938
881		234		-798.933031		399.729852
891		269		-799.007856		399.748597
901		274		-798.916759		399.726970
911		253		-798.849616		399.705818
921		234		-798.996743		399.745928
931		224		-798.796992		399.692803
941		274		-798.873539		399.713071
951		218		-798.986330		399.739222
961		273		-799.038502		399.754422
971		280		-798.904222		399.723996
981		250		-799.013252		399.749235
991		310		-798.728557		399.675076
1001		304		-798.685315		399.660340
1011		295		-798.959446		399.736894
1021		295		-798.777669		399.688541
1031		298		-798.948594		399.730359
1041		328		-798.585975		399.642651
1051		352		-798.527117		399.625119
1061		349		-798.605090		399.639962
1071		298		-798.827264		399.704949
1081		308		-798.882516		399.715079
1091		282		-799.065078		399.763520
1101		336		-798.891916		399.720254
1111		354		-798.729073		399.675968
1121		346		-798.679750		399.664585
1131		353		-798.687887		399.664014
1141		318		-798.923751		399.728309
1151		306		-798.929626		399.728931
1161		340		-798.928510		399.727821
1171		355		-798.865927		399.711358
1181		348		-798.821338		399.703641
1191		343		-798.871537		399.711167
1201		340		-798.731057		399.678601
1211		374		-798.840628		399.706028
1221		340		-798.689599		399.664210
1231		318		-798.969943		399.735175
1241		354		-798.778405		399.688961
1251		356		-798.778577		399.686651
1261		420		-798.864393		399.714512
1271		330		-798.974036		399.741935
1281		332		-798.947697		399.734582
1291		382		-799.079783		399.764524
1301		380		-798.803997		399.691007
1311		374		-798.697178		399.665904
1321		420		-798.673732		399.660863
1331		360		-798.999249		399.747558
1341		374		-798.738255		399.679344
1351		396		-798.774241		399.686158
1361		408		-798.818516		399.700220
1371		344		-799.113056		399.768053
1381		402		-798.873280		399.710355
1391		474		-798.596693		399.643422
1401		445		-798.817987		399.697359
1411		426		-798.701630		399.666903
1421		416		-798.651654		399.657987
1431		446		-798.792453		399.693920
1441		374		-799.009022		399.746010
1451		430		-798.809097		399.700896
1461		420		-798.847365		399.708419
1471		360		-799.053705		399.755269
1481		454		-798.941256		399.725861
1491		417		-798.862508		399.710262
1501		416		-799.147235		399.778814
1511		528		-798.721377		399.677035
1521		446		-798.819198		399.700197
1531		480		-798.740692		399.683867
1541		472		-798.818949		399.700195
1551		424		-798.888459		399.716312
1561		459		-798.882767		399.716848
1571		502		-798.805856		399.694462
1581		530		-798.765338		399.687540
1591		457		-798.833438		399.707102
1601		412		-798.998126		399.745159
1611		522		-798.718808		399.674736
1621		416		-799.020358		399.753239
1631		508		-798.837523		399.702023
1641		456		-798.788544		399.692870
1651		500		-798.919443		399.727438
1661		548		-798.704395		399.670078
1671		529		-798.707361		399.670856
1681		508		-798.798334		399.694230
1691		576		-798.566529		399.636901
1701		496		-798.659612		399.657848
1711		546		-798.739918		399.677382
1721		452		-798.949448		399.731551
1731		484		-798.763720		399.684575
1741		508		-798.963814		399.736933
1751		594		-798.734437		399.679041
1761		506		-798.837024		399.704713
1771		496		-798.952005		399.733484
1781		516		-798.881527		399.718136
1791		513		-798.874372		399.713009
1801		530		-798.936147		399.726818
1811		560		-798.904473		399.718388
1821		514		-798.873147		399.712246
1831		534		-798.791917		399.693064
1841		572		-798.702879		399.666486
1851		502		-799.012426		399.748244
1861		528		-798.789898		399.694788
1871		492		-798.952432		399.732763
1881		598		-798.764487		399.676768
1891		518		-798.963511		399.736647
1901		550		-798.849027		399.706470
1911		606		-798.827839		399.702773
1921		517		-798.958876		399.735554
1931		578		-798.798550		399.693423
1941		594		-798.883050		399.711489
1951		544		-798.923629		399.726294
1961		554		-798.823049		399.699133
1971		544		-798.804668		399.697615
1981		624		-798.782433		399.692075
1991		540		-799.049724		399.757911
2001		604		-798.912544		399.721139
2011		532		-798.953754		399.733466
2021		592		-798.800594		399.695200
2031		634		-798.715903		399.674052
2041		656		-798.588927		399.641352
2051		575		-798.907850		399.723062
2061		612		-798.691897		399.666181
2071		578		-799.043940		399.758571
2081		600		-798.740990		399.680923
2091		596		-798.857963		399.704448
2101		586		-798.939553		399.729653
2111		666		-798.654666		399.658929
2121		614		-798.913720		399.720886
2131		573		-798.950727		399.734397
2141		626		-798.800560		399.697338
2151		622		-798.986518		399.737796
2161		650		-798.783896		399.692735
2171		687		-798.802395		399.692308
2181		594		-798.829895		399.701972
2191		572		-798.942948		399.728891
2201		678		-798.764198		399.685597
2211		598		-798.938037		399.730439
2221		750		-798.492571		399.615489
2231		605		-798.897355		399.719408
2241		661		-798.827309		399.701919
2251		652		-798.848512		399.707685
2261		692		-798.906678		399.721362
2271		624		-798.950242		399.732277
2281		708		-798.839106		399.706269
2291		674		-798.929725		399.727630
2301		701		-798.770969		399.685354
2311		689		-798.757248		399.683254
2321		666		-798.871176		399.712193
2331		690		-798.949807		399.728014
2341		738		-798.739000		399.680478
2351		662		-798.848150		399.705657
2361		662		-798.920796		399.725540
2371		642		-798.965837		399.736820
2381		728		-798.740025		399.677446
2391		746		-798.730238		399.671267
2401		712		-798.923782		399.727613
2411		655		-799.089175		399.768561
2421		674		-798.973978		399.740603
2431		668		-799.034142		399.754833
2441		738		-798.666120		399.657517
2451		644		-798.886985		399.719298
2461		682		-798.865502		399.713125
2471		746		-798.703359		399.668151
2481		686		-798.871423		399.715437
2491		776		-798.760337		399.686070
2501		740		-798.880448		399.714514
2511		740		-798.773397		399.687774
2521		805		-798.732249		399.671559
2531		724		-798.787831		399.693402
2541		764		-798.786305		399.689099
2551		750		-798.885143		399.714622
2561		766		-798.806716		399.696212
2571		804		-798.756904		399.680280
2581		720		-798.936846		399.730337
2591		754		-798.899267		399.717484
2601		726		-798.918877		399.727028
2611		754		-798.821907		399.698966
2621		764		-798.907287		399.721480
2631		804		-798.722919		399.676929
2641		842		-798.768648		399.688754
2651		756		-798.800453		399.689928
2661		775		-798.774897		399.686584
2671		782		-798.813927		399.695245
2681		812		-798.813875		399.701604
2691		814		-798.781122		399.686362
2701		718		-798.984080		399.740837
2711		796		-798.925858		399.724087
2721		884		-798.703418		399.661154
2731		840		-798.837056		399.704138
2741		756		-798.911346		399.724918
2751		740		-798.905125		399.723010
2761		844		-798.806230		399.694314
2771		826		-798.765789		399.686756
2781		772		-798.961525		399.733190
2791		800		-798.860623		399.709065
2801		844		-798.793288		399.692253
2811		836		-798.841693		399.705443
2821		734		-799.011698		399.749025
2831		810		-798.808901		399.695514
2841		835		-798.841253		399.699402
2851		890		-798.726061		399.675202
2861		874		-798.755680		399.684726
2871		816		-798.904911		399.721351
2881		858		-798.967025		399.735509
2891		762		-798.865444		399.712902
2901		798		-798.960358		399.733195
2911		832		-798.885606		399.716249
2921		882		-798.914071		399.719274
2931		856		-798.824974		399.695667
2941		845		-798.918735		399.726624
2951		816		-798.954931		399.735005
2961		804		-798.935495		399.730496
2971		944		-798.617301		399.645237
2981		776		-799.025830		399.753774
2991		876		-798.815112		399.699097
3001		862		-798.948351		399.732089
3011		844		-798.911989		399.720359
3021		892		-798.813638		399.697451
3031		868		-798.834708		399.703728
3041		894		-798.816179		399.691549
3051		836		-798.985251		399.742380
3061		822		-798.927148		399.727540
3071		880		-798.873331		399.711495
3081		910		-798.873093		399.713080
3091		906		-798.868974		399.712067
3101		822		-798.997743		399.746533
3111		893		-798.847959		399.707490
3121		901		-798.860622		399.710990
3131		920		-798.891089		399.718301
3141		897		-798.953200		399.732569
3151		840		-798.942558		399.730244
3161		932		-798.887694		399.717811
3171		1000		-798.655314		399.651845
3181		903		-798.879598		399.713926
3191		950		-798.928236		399.727985
3201		842		-798.940331		399.731334
3211		1086		-798.713173		399.673622
3221		970		-798.743247		399.680224
3231		986		-798.766945		399.684927
3241		958		-798.813946		399.697007
3251		986		-798.823747		399.699169
3261		952		-798.876418		399.712971
3271		874		-798.993580		399.740752
3281		960		-798.897897		399.717769
3291		908		-798.929201		399.728958
3301		1034		-798.899727		399.720085
3311		938		-798.911507		399.722138
3321		964		-798.893104		399.718157
3331		996		-798.878415		399.714200
3341		958		-798.951212		399.733014
3351		992		-798.823038		399.699194
3361		1026		-798.838441		399.704255
3371		926		-798.924948		399.727677
3381		1012		-798.826383		399.701272
3391		976		-798.890003		399.718077
3401		872		-798.941488		399.731256
3411		978		-798.891821		399.719730
3421		938		-799.010816		399.750365
3431		1022		-798.845818		399.706208
3441		946		-798.937518		399.728567
3451		964		-798.871052		399.713706
3461		991		-798.924010		399.727246
3471		992		-798.814175		399.700951
3481		984		-798.804941		399.695490
3491		1014		-798.830135		399.702664
3501		1034		-798.843759		399.704085
3511		962		-798.930219		399.727143
3521		988		-798.895768		399.716558
3531		1050		-798.825262		399.700935
3541		1062		-798.834228		399.702344
3551		1084		-798.870177		399.709378
3561		1018		-798.762145		399.682112
3571		1008		-798.772333		399.688603
3581		1116		-798.818207		399.694499
3591		960		-798.936229		399.730437
3601		1092		-798.790336		399.690641
3611		1066		-798.927721		399.725838
3621		900		-799.043358		399.756421
3631		1088		-798.777196		399.688240
3641		964		-798.998077		399.744026
3651		1078		-798.770748		399.685018
3661		1076		-798.991532		399.743240
3671		1100		-798.821030		399.696540
3681		1159		-798.744906		399.679435
3691		1050		-798.911948		399.719859
3701		1016		-798.895434		399.720076
3711		1045		-798.838049		399.701428
3721		1084		-798.798173		399.693631
3731		1136		-798.766014		399.685339
3741		1140		-798.773590		399.688319
3751		1052		-798.919755		399.725407
3761		1028		-798.909864		399.722414
3771		1022		-798.998674		399.745426
3781		1074		-798.894472		399.715948
3791		1084		-798.890003		399.716697
3801		1069		-798.925546		399.727440
3811		1126		-798.736290		399.676725
3821		1102		-798.836954		399.704266
3831		1068		-798.926651		399.728530
3841		1154		-798.900286		399.717782
3851		1089		-798.879252		399.716437
3861		1058		-798.913235		399.724424
3871		1161		-798.874709		399.712219
3881		1054		-798.934295		399.728936
3891		1066		-798.886662		399.717296
3901		1202		-798.743912		399.679569
3911		1231		-798.750192		399.682434
3921		1143		-798.779903		399.690385
3931		1136		-798.823709		399.697787
3941		1138		-798.902817		399.723420
3951		1176		-798.867122		399.710959
3961		1104		-798.979046		399.738955
3971		1184		-798.913120		399.725510
3981		1184		-798.876664		399.715147
3991		1098		-798.967677		399.737910
4001		1245		-798.716321		399.670582
4011		1136		-798.870107		399.710297
4021		1136		-798.870928		399.713007
4031		1116		-798.931283		399.727611
4041		1200		-798.801287		399.695620
4051		1254		-798.699580		399.667736
4061		1211		-798.790446		399.694164
4071		1169		-798.914272		399.725375
4081		1162		-798.897329		399.716736
4091		1236		-798.813982		399.697873
4101		1175		-798.857840		399.705438
4111		1288		-798.891754		399.717830
4121		1194		-798.909973		399.722397
4131		1200		-798.854515		399.707093
4141		1228		-798.799324		399.695243
4151		1251		-798.887015		399.712840
4161		1204		-798.926220		399.726027
4171		1168		-798.881803		399.715176
4181		1230		-798.715140		399.670414
4191		1202		-798.821284		399.700310
4201		1202		-798.884075		399.712925
4211		1198		-798.835431		399.703633
4221		1188		-798.962331		399.737503
4231		1282		-798.789884		399.689435
4241		1230		-798.862532		399.706201
4251		1192		-798.914138		399.722889
4261		1233		-798.892279		399.716029
4271		1188		-798.892999		399.715757
4281		1302		-798.880635		399.714553
4291		1176		-798.939175		399.729667
4301		1220		-798.833760		399.702395
4311		1252		-798.950592		399.732313
4321		1205		-798.976163		399.738486
4331		1216		-798.926807		399.727084
4341		1204		-798.922829		399.722184
4351		1263		-798.870145		399.712250
4361		1176		-798.928686		399.728503
4371		1376		-798.664836		399.659574
4381		1224		-798.965533		399.737503
4391		1374		-798.740150		399.677978
4401		1150		-798.964781		399.735515
4411		1362		-798.873725		399.711630
4421		1366		-798.883511		399.714544
4431		1198		-798.948319		399.733694
4441		1262		-798.865120		399.710426
4451		1218		-798.929679		399.728151
4461		1260		-798.826272		399.701412
4471		1331		-798.791322		399.690897
4481		1330		-798.802053		399.693372
4491		1342		-798.893788		399.718548
4501		1316		-798.876694		399.714730
4511		1355		-798.873864		399.710929
4521		1298		-798.907321		399.721301
4531		1274		-798.921209		399.725006
4541		1236		-798.905968		399.722528
4551		1311		-798.885520		399.717425
4561		1243		-798.950230		399.731638
4571		1458		-798.690877		399.666594
4581		1276		-798.870989		399.713163
4591		1228		-798.971902		399.737748
4601		1326		-798.828950		399.699196
4611		1362		-798.914769		399.724572
4621		1469		-798.750054		399.680589
4631		1404		-798.784712		399.690348
4641		1354		-798.854557		399.709114
4651		1394		-798.851860		399.708020
4661		1358		-798.850032		399.708646
4671		1402		-798.872190		399.711839
4681		1332		-798.948943		399.732109
4691		1294		-798.915370		399.723726
4701		1296		-798.977239		399.739204
4711		1310		-798.963277		399.735513
4721		1275		-798.939208		399.728447
4731		1314		-798.852674		399.707884
4741		1382		-798.807003		399.693314
4751		1352		-798.992212		399.742370
4761		1451		-798.785969		399.692502
4771		1352		-798.851394		399.708237
4781		1392		-798.887262		399.716377
4791		1354		-798.956377		399.734085
4801		1366		-798.882733		399.714643
4811		1326		-798.875078		399.713157
4821		1356		-798.998548		399.745281
4831		1408		-798.816808		399.698613
4841		1446		-798.801074		399.693039
4851		1428		-798.770563		399.687487
4861		1438		-798.775561		399.684016
4871		1332		-798.948060		399.733114
4881		1326		-798.940381		399.730383
4891		1350		-798.917195		399.724392
4901		1476		-798.777392		399.686186
4911		1422		-798.880065		399.714926
4921		1468		-798.763666		399.684211
4931		1456		-798.816467		399.699047
4941		1540		-798.767051		399.679417
4951		1545		-798.670976		399.658251
4961		1444		-798.890546		399.718202
4971		1334		-798.928988		399.728425
4981		1502		-798.794620		399.692030
4991		1440		-798.863554		399.709076
5001		1396		-798.927415		399.728454
5011		1458		-798.840950		399.704650
5021		1470		-798.856801		399.709221
5031		1446		-798.890877		399.718147
5041		1532		-798.855783		399.707994
5051		1516		-798.823995		399.700257
5061		1528		-798.777317		399.684252
5071		1495		-798.803392		399.693157
5081		1398		-798.981303		399.740996
5091		1468		-798.951090		399.731683
5101		1550		-798.782200		399.689473
5111		1516		-798.840149		399.703385
5121		1542		-798.836165		399.702792
5131		1482		-798.861041		399.709218
5141		1478		-798.937172		399.729625
5151		1508		-798.925257		399.726655
5161		1518		-798.853711		399.704708
5171		1538		-798.855154		399.709534
5181		1502		-798.953870		399.732870
5191		1606		-798.740127		399.679445
5201		1626		-798.719477		399.671986
5211		1522		-798.831702		399.704088
5221		1483		-798.859989		399.709634
5231		1502		-798.835404		399.701778
5241		1462		-798.921580		399.724480
5251		1504		-798.855075		399.707103
5261		1508		-798.884623		399.713743
5271		1634		-798.812370		399.696073
5281		1514		-798.932020		399.727703
5291		1530		-798.949915		399.731620
5301		1546		-798.851537		399.707980
5311		1514		-798.884579		399.716438
5321		1642		-798.782936		399.688780
5331		1482		-798.888014		399.716001
5341		1554		-798.872870		399.712788
5351		1580		-798.849561		399.707718
5361		1580		-798.899459		399.719455
5371		1540		-798.832992		399.701732
5381		1563		-798.925850		399.726817
5391		1620		-798.777963		399.687999
5401		1608		-798.799482		399.694501
5411		1518		-798.958418		399.735724
5421		1533		-798.811289		399.695997
5431		1536		-798.907015		399.722703
5441		1520		-798.928138		399.727624
5451		1510		-798.896349		399.720418
5461		1557		-798.846365		399.705915
5471		1526		-798.925242		399.726558
5481		1558		-798.892903		399.717935
5491		1584		-798.921872		399.724276
5501		1526		-798.980549		399.740411
5511		1632		-798.837235		399.702776
5521		1664		-798.869045		399.711284
5531		1555		-798.879045		399.715061
5541		1576		-798.874571		399.713770
5551		1552		-798.889569		399.717889
5561		1604		-798.926092		399.725229
5571		1562		-798.940226		399.731108
5581		1602		-798.849669		399.707221
5591		1560		-798.907530		399.722053
5601		1616		-798.874487		399.713623
5611		1524		-798.919979		399.726965
5621		1490		-798.977406		399.742395
5631		1560		-798.958622		399.735038
5641		1674		-798.791704		399.690126
5651		1657		-798.854716		399.707662
5661		1682		-798.786787		399.688041
5671		1678		-798.840416		399.704109
5681		1608		-798.876254		399.715191
5691		1636		-798.825514		399.700580
5701		1722		-798.798106		399.691633
5711		1668		-798.840133		399.706181
5721		1698		-798.847055		399.707044
5731		1686		-798.800907		399.695341
5741		1634		-798.941648		399.729664
5751		1642		-798.846114		399.708225
5761		1728		-798.770352		399.684777
5771		1715		-798.823081		399.699879
5781		1740		-798.885314		399.716312
5791		1666		-798.874115		399.712312
5801		1632		-798.894673		399.717980
5811		1686		-798.772673		399.687489
5821		1760		-798.874420		399.713108
5831		1696		-798.855085		399.708112
5841		1636		-798.851567		399.707584
5851		1706		-798.863100		399.709451
5861		1662		-798.860263		399.709947
5871		1796		-798.822006		399.700221
5881		1778		-798.856657		399.709233
5891		1688		-798.874215		399.712782
5901		1680		-798.798170		399.693950
5911		1769		-798.882084		399.713754
5921		1748		-798.769127		399.687553
5931		1836		-798.744225		399.679987
5941		1726		-798.887729		399.715536
5951		1782		-798.844564		399.705932
5961		1648		-799.043114		399.757088
5971		1734		-798.847094		399.706917
5981		1682		-798.880455		399.715432
5991		1682		-798.818895		399.697212
6001		1762		-798.878187		399.714048
6011		1664		-798.919980		399.724505
6021		1738		-798.980236		399.739910
6031		1687		-798.931520		399.727408
6041		1858		-798.799537		399.693097
6051		1732		-798.855726		399.707486
6061		1762		-798.857614		399.708629
6071		1711		-798.913523		399.723275
6081		1842		-798.820589		399.699063
6091		1912		-798.703661		399.667050
6101		1696		-798.892641		399.719062
6111		1642		-798.954672		399.732286
6121		1674		-798.986440		399.742526
6131		1830		-798.847170		399.707389
6141		1784		-798.851653		399.705911
6151		1732		-798.861323		399.709966
6161		1836		-798.791755		399.692907
6171		1756		-798.864366		399.709934
6181		1776		-798.890147		399.719139
6191		1688		-798.922953		399.726700
6201		1798		-798.841477		399.703919
6211		1742		-798.900016		399.717276
6221		1814		-798.922360		399.725125
6231		1980		-798.782860		399.688974
6241		1816		-798.920045		399.725044
6251		1802		-798.877620		399.710126
6261		1756		-798.916467		399.724964
6271		1794		-798.828257		399.699888
6281		1728		-798.874701		399.713103
6291		1755		-798.871404		399.711334
6301		1774		-798.894779		399.712744
6311		1944		-798.720330		399.672952
6321		1755		-798.925486		399.726942
6331		1942		-798.814089		399.697994
6341		1781		-798.873364		399.713294
6351		1888		-798.885215		399.715006
6361		1844		-798.836032		399.703820
6371		1892		-798.825302		399.698948
6381		1820		-798.829024		399.703495
6391		1825		-798.869660		399.711469
6401		1886		-798.893298		399.719106
6411		1862		-798.934956		399.729527
6421		1918		-798.855007		399.709080
6431		1854		-798.892241		399.717618
6441		1860		-798.862909		399.710914
6451		1806		-798.849171		399.707952
6461		1784		-798.899861		399.720167
6471		1960		-798.764951		399.683820
6481		1930		-798.875482		399.713933
6491		1988		-798.729318		399.675551
6501		1874		-798.838333		399.703738
6511		1808		-798.881278		399.714637
6521		1810		-798.959055		399.734703
6531		2105		-798.733425		399.676007
6541		1878		-798.860725		399.708301
6551		1817		-798.912532		399.722485
6561		1798		-798.959305		399.735711
6571		2004		-798.758180		399.679501
6581		2002		-798.817201		399.700349
6591		2002		-798.788044		399.690487
6601		1924		-798.846235		399.707014
6611		1877		-798.888519		399.715928
6621		1868		-798.905301		399.721492
6631		1914		-798.855678		399.707736
6641		1834		-798.873664		399.715404
6651		1845		-798.866937		399.712224
6661		1996		-798.807987		399.695241
6671		1920		-798.911707		399.720881
6681		1928		-798.848675		399.706631
6691		1942		-798.821701		399.699596
6701		1928		-798.915983		399.724220
6711		2012		-798.799583		399.694829
6721		1958		-798.890046		399.716114
6731		1970		-798.886347		399.714753
6741		1966		-798.879691		399.714286
6751		1966		-798.860021		399.710265
6761		1946		-798.926194		399.726963
6771		1948		-798.884655		399.715552
6781		1862		-798.898688		399.720395
6791		2018		-798.895008		399.719629
6801		1948		-798.913689		399.723570
6811		2024		-798.872412		399.711643
6821		2092		-798.817769		399.698285
6831		1906		-798.948324		399.733568
6841		1862		-798.972665		399.738342
6851		2070		-798.838126		399.702233
6861		2104		-798.796677		399.693922
6871		1928		-798.958521		399.733663
6881		2031		-798.894347		399.718646
6891		1960		-798.876796		399.712959
6901		1989		-798.927692		399.726127
6911		2096		-798.767183		399.685718
6921		2014		-798.885710		399.716226
6931		2114		-798.790362		399.691819
6941		2064		-798.747155		399.679873
6951		1916		-798.931952		399.726946
6961		1940		-799.013360		399.748599
6971		2163		-798.726725		399.675226
6981		1956		-798.868930		399.710357
6991		2016		-798.802460		399.696181
7001		2072		-798.824168		399.700614
7011		2057		-798.902296		399.720439
7021		1862		-798.965390		399.736505
7031		2033		-798.872991		399.714692
7041		1994		-798.793353		399.692089
7051		2012		-798.847256		399.701886
7061		2018		-798.838125		399.706274
7071		2018		-798.928016		399.727054
7081		2112		-798.806948		399.694676
7091		1976		-798.942321		399.730362
7101		2106		-798.814252		399.699197
7111		2020		-798.937983		399.729433
7121		2038		-798.826008		399.701446
7131		2086		-798.848408		399.706633
7141		2050		-798.843859		399.704243
7151		2036		-798.908684		399.722836
7161		1994		-798.876693		399.711493
7171		2176		-798.750523		399.680658
7181		2010		-798.935524		399.728450
7191		2048		-798.796829		399.696287
7201		2114		-798.861825		399.710596
7211		2064		-798.895021		399.719318
7221		2074		-798.858330		399.708351
7231		2192		-798.822293		399.697414
7241		2074		-798.838282		399.704737
7251		2240		-798.839333		399.704317
7261		2158		-798.802920		399.694532
7271		2062		-798.910741		399.721359
7281		2028		-798.954539		399.733553
7291		2096		-798.939514		399.730627
7301		2072		-798.921244		399.724147
7311		2096		-798.849405		399.706196
7321		2170		-798.852069		399.707690
7331		2168		-798.873278		399.714091
7341		2048		-798.903147		399.721564
7351		2180		-798.776765		399.687389
7361		2172		-798.845266		399.701671
7371		2218		-798.851716		399.706417
7381		2103		-798.917220		399.723344
7391		2124		-798.857529		399.709647
7401		2049		-798.956898		399.734090
7411		2190		-798.764539		399.684793
7421		2130		-798.834658		399.703814
7431		2132		-798.909972		399.722783
7441		2122		-798.911974		399.722618
7451		2130		-798.896792		399.719501
7461		2258		-798.729929		399.675379
7471		2174		-798.867086		399.710347
7481		2162		-798.849886		399.706189
7491		2162		-798.775597		399.687358
7501		2084		-798.887615		399.716838
7511		2270		-798.706431		399.668752
7521		2238		-798.777290		399.687807
7531		2158		-798.899482		399.718497
7541		2280		-798.837289		399.704283
7551		2058		-798.971262		399.738048
7561		2240		-798.812855		399.697659
7571		2158		-798.831858		399.701757
7581		2182		-798.875082		399.712967
7591		2258		-798.817020		399.697800
7601		2088		-798.925405		399.725036
7611		2293		-798.796479		399.692550
7621		2274		-798.798058		399.693479
7631		2194		-798.924387		399.727428
7641		2252		-798.864023		399.708153
7651		2180		-798.910469		399.722912
7661		2285		-798.862290		399.709176
7671		2214		-798.935211		399.728849
7681		2264		-798.908996		399.721130
7691		2141		-798.888051		399.717332
7701		2136		-798.913388		399.723153
7711		2214		-798.875373		399.712878
7721		2264		-798.895998		399.717653
7731		2212		-798.827060		399.702496
7741		2144		-798.863713		399.711924
7751		2232		-798.854341		399.707393
7761		2252		-798.897049		399.717047
7771		2260		-798.870673		399.713036
7781		2272		-798.837167		399.703380
7791		2222		-798.909511		399.722500
7801		2128		-798.958595		399.733624
7811		2257		-798.907694		399.721162
7821		2254		-798.801176		399.694668
7831		2360		-798.849700		399.706295
7841		2286		-798.900140		399.719679
7851		2514		-798.779773		399.688702
7861		2346		-798.816436		399.699529
7871		2292		-798.832169		399.702706
7881		2194		-798.907245		399.722116
7891		2506		-798.847801		399.703713
7901		2238		-798.871535		399.712948
7911		2200		-798.919985		399.725698
7921		2366		-798.825906		399.699785
7931		2149		-798.879334		399.713781
7941		2226		-798.924065		399.727238
7951		2420		-798.874104		399.711231
7961		2312		-798.880543		399.714609
7971		2373		-798.821227		399.699410
7981		2250		-798.827716		399.699787
7991		2328		-798.884745		399.714429
8001		2327		-798.800150		399.693538
8011		2372		-798.840594		399.704906
8021		2416		-798.767735		399.684079
8031		2316		-798.916698		399.723571
8041		2434		-798.737470		399.676657
8051		2464		-798.789219		399.691715
8061		2310		-798.871604		399.712691
8071		2231		-798.953785		399.733862
8081		2294		-798.875387		399.713402
8091		2338		-798.848103		399.707082
8101		2248		-798.937909		399.730157
8111		2370		-798.866724		399.712982
8121		2290		-798.802611		399.694619
8131		2305		-798.874431		399.711229
8141		2240		-798.915612		399.724358
8151		2323		-798.911545		399.724206
8161		2350		-798.837397		399.702242
8171		2310		-798.894627		399.717782
8181		2266		-798.917492		399.724239
8191		2490		-798.815285		399.698450
8201		2252		-798.896232		399.716376
8211		2342		-798.862989		399.710389
8221		2404		-798.875563		399.713174
8231		2392		-798.892966		399.718625
8241		2314		-798.838490		399.704647
8251		2326		-798.866562		399.709611
8261		2382		-798.908607		399.722794
8271		2240		-798.912344		399.721195
8281		2372		-798.878879		399.714286
8291		2464		-798.865758		399.711012
8301		2384		-798.824720		399.700759
8311		2432		-798.920467		399.724462
8321		2431		-798.799183		399.693066
8331		2404		-798.903373		399.719361
8341		2506		-798.737801		399.678456
8351		2331		-798.873428		399.713088
8361		2526		-798.822150		399.698122
8371		2662		-798.734201		399.677219
8381		2456		-798.887006		399.715547
8391		2344		-798.870218		399.712549
8401		2376		-798.862040		399.711939
8411		2412		-798.862918		399.711568
8421		2454		-798.928393		399.726873
8431		2560		-798.841893		399.705136
8441		2422		-798.870276		399.712593
8451		2414		-798.848894		399.707727
8461		2500		-798.894221		399.718000
8471		2546		-798.809113		399.695195
8481		2466		-798.846834		399.706167
8491		2506		-798.828407		399.700860
8501		2508		-798.794024		399.692507
8511		2464		-798.959464		399.733521
8521		2348		-798.924070		399.726793
8531		2575		-798.805298		399.695464
8541		2538		-798.844632		399.704953
8551		2336		-798.903520		399.720267
8561		2578		-798.836585		399.703773
8571		2648		-798.765605		399.685918
8581		2504		-798.829041		399.700268
8591		2458		-798.928181		399.725992
8601		2482		-798.862458		399.709104
8611		2516		-798.887005		399.717106
8621		2560		-798.880872		399.714186
8631		2348		-798.947978		399.731665
8641		2575		-798.826525		399.700961
8651		2450		-798.877818		399.714022
8661		2456		-798.899434		399.719432
8671		2413		-798.898858		399.719064
8681		2662		-798.808432		399.693584
8691		2476		-798.886204		399.716028
8701		2546		-798.869555		399.710378
8711		2569		-798.767076		399.686144
8721		2460		-798.922142		399.725032
8731		2522		-798.827168		399.701065
8741		2436		-798.889372		399.719483
8751		2477		-798.909839		399.723689
8761		2540		-798.821139		399.698208
8771		2466		-798.912325		399.722267
8781		2524		-798.866188		399.711650
8791		2502		-798.823342		399.701513
8801		2522		-798.884218		399.715941
8811		2530		-798.874589		399.712405
8821		2522		-798.911235		399.723614
8831		2496		-798.912920		399.722342
8841		2552		-798.880670		399.714059
8851		2618		-798.898656		399.719580
8861		2620		-798.807358		399.697551
8871		2668		-798.787961		399.691579
8881		2808		-798.787974		399.688774
8891		2600		-798.789787		399.692048
8901		2618		-798.783058		399.687900
8911		2604		-798.854898		399.710021
8921		2608		-798.849905		399.705863
8931		2554		-798.877617		399.714478
8941		2668		-798.829661		399.704060
8951		2610		-798.873869		399.712434
8961		2604		-798.819328		399.700257
8971		2606		-798.879501		399.715528
8981		2654		-798.784991		399.690235
8991		2574		-798.924702		399.726393
9001		2462		-798.914343		399.721364
9011		2648		-798.781489		399.688603
9021		2792		-798.784170		399.688948
9031		2506		-798.908205		399.720518
9041		2560		-798.851012		399.706006
9051		2626		-798.902221		399.721578
9061		2681		-798.869882		399.710187
9071		2738		-798.877301		399.713593
9081		2758		-798.867526		399.711706
9091		2754		-798.834012		399.702783
9101		2782		-798.804087		399.694979
9111		2604		-798.894084		399.718362
9121		2410		-798.931696		399.728977
9131		2622		-798.884240		399.717446
9141		2704		-798.855705		399.707909
9151		2772		-798.808873		399.696645
9161		2766		-798.851217		399.705709
9171		2740		-798.847236		399.705812
9181		2724		-798.850670		399.707004
9191		2646		-798.894571		399.718203
9201		2716		-798.916639		399.724595
9211		2710		-798.823581		399.699055
9221		2541		-798.910313		399.723024
9231		2596		-798.858195		399.708807
9241		2686		-798.829997		399.701980
9251		2738		-798.870609		399.711815
9261		2712		-798.807472		399.696145
9271		2728		-798.746629		399.679646
9281		2529		-798.929857		399.727185
9291		2606		-798.940911		399.729631
9301		2834		-798.819912		399.696162
9311		2714		-798.876598		399.712168
9321		2672		-798.851625		399.707328
9331		2740		-798.802272		399.692852
9341		2498		-798.953003		399.733219
9351		2674		-798.905785		399.721313
9361		2706		-798.864224		399.712210
9371		2872		-798.764700		399.684559
9381		2746		-798.887112		399.716235
9391		2704		-798.862741		399.709722
9401		2798		-798.841825		399.703436
9411		2818		-798.822229		399.700776
9421		2822		-798.859144		399.708524
9431		2802		-798.837875		399.703743
9441		2700		-798.892914		399.716979
9451		2670		-798.861496		399.709449
9461		2600		-798.899482		399.720748
9471		2716		-798.892620		399.716186
9481		2672		-798.864255		399.709946
9491		2804		-798.876831		399.714466
9501		2600		-798.934849		399.729292
9511		2880		-798.833771		399.701609
9521		2706		-798.816091		399.697931
9531		2774		-798.881544		399.715665
9541		2754		-798.868882		399.712189
9551		2758		-798.893100		399.718564
9561		2794		-798.849074		399.706516
9571		2736		-798.811409		399.698255
9581		2754		-798.841875		399.704415
9591		2679		-798.903972		399.721405
9601		2826		-798.855536		399.709822
9611		2758		-798.864634		399.709708
9621		2718		-798.883276		399.715414
9631		2731		-798.916831		399.724224
9641		2768		-798.866923		399.710403
9651		2717		-798.888405		399.715677
9661		2798		-798.884173		399.716178
9671		2788		-798.883259		399.715852
9681		2812		-798.898461		399.718418
9691		2846		-798.840574		399.703849
9701		2786		-798.935367		399.729100
9711		2670		-798.916281		399.723818
9721		2710		-798.829750		399.702911
9731		2856		-798.893433		399.718426
9741		2878		-798.844061		399.705780
9751		2862		-798.839914		399.702389
9761		2782		-798.918144		399.722365
9771		2747		-798.918023		399.725514
9781		2893		-798.865556		399.711072
9791		2921		-798.766622		399.684200
9801		2706		-798.941333		399.729007
9811		2808		-798.875956		399.711956
9821		2866		-798.866103		399.709602
9831		2939		-798.848540		399.706439
9841		2672		-798.937100		399.729499
9851		2927		-798.772510		399.686326
9861		2832		-798.848798		399.706926
9871		2888		-798.813899		399.698308
9881		2780		-798.899302		399.719057
9891		2684		-798.991406		399.743605
9901		2683		-798.935057		399.730330
9911		2936		-798.844516		399.706185
9921		2886		-798.865437		399.711118
9931		2824		-798.898399		399.718860
9941		2862		-798.878181		399.715924
9951		2898		-798.817405		399.699528
9961		2850		-798.848308		399.705853
9971		2822		-798.882760		399.715174
9981		3006		-798.787697		399.690612
9991		2736		-798.904614		399.720949
10001		2834		-798.875312		399.711629
10011		2952		-798.860054		399.708920
10021		2744		-798.922263		399.725776
10031		2974		-798.865517		399.711893
10041		2956		-798.806095		399.696245
10051		2962		-798.853447		399.706099
10061		2833		-798.875658		399.713945
10071		2954		-798.899414		399.719194
10081		2872		-798.901299		399.719472
10091		2854		-798.860371		399.710633
10101		2948		-798.887239		399.714682
10111		2883		-798.865790		399.711601
10121		2997		-798.796957		399.692521
10131		2906		-798.852631		399.708617
10141		2992		-798.864806		399.708313
10151		2952		-798.850951		399.707418
10161		2880		-798.873733		399.712824
10171		2924		-798.888212		399.716449
10181		3002		-798.815833		399.697672
10191		2944		-798.875478		399.713865
10201		3042		-798.854230		399.709048
10211		2940		-798.905494		399.721281
10221		2821		-798.920654		399.726054
10231		3028		-798.894732		399.717330
10241		2832		-798.942681		399.730300
10251		2810		-798.970247		399.738367
10261		2744		-799.029724		399.753240
10271		2918		-798.855808		399.709084
10281		2976		-798.853808		399.708200
10291		2834		-798.988631		399.741910
10301		3116		-798.829628		399.702165
10311		3103		-798.783047		399.689264
10321		2888		-798.920647		399.723864
10331		2984		-798.882974		399.716388
10341		3150		-798.809013		399.695968
10351		2908		-798.918365		399.724664
10361		3066		-798.885050		399.714120
10371		2980		-798.927394		399.727702
10381		3009		-798.887968		399.716020
10391		2862		-798.942546		399.730536
10401		2984		-798.897414		399.718489
10411		3032		-798.882720		399.715493
10421		2878		-798.919106		399.724019
10431		3154		-798.859170		399.707986
10441		2946		-798.916962		399.723973
10451		3104		-798.816573		399.698976
10461		3012		-798.878119		399.714368
10471		2920		-798.919301		399.724000
10481		3018		-798.907738		399.720637
10491		2916		-798.890096		399.716710
10501		3038		-798.882011		399.715075
10511		3011		-798.930644		399.727333
10521		3060		-798.819124		399.699268
10531		3118		-798.808470		399.695186
10541		3217		-798.809221		399.696613
10551		3048		-798.875557		399.713013
10561		3055		-798.847458		399.706846
10571		2974		-798.881847		399.714691
10581		3046		-798.908610		399.721954
10591		3130		-798.856010		399.706166
10601		3078		-798.812942		399.696444
10611		2984		-798.875884		399.712939
10621		3028		-798.874306		399.714340
10631		3212		-798.830590		399.702192
10641		3100		-798.826426		399.700968
10651		3114		-798.869214		399.711389
10661		2997		-798.953569		399.733984
10671		2880		-798.942180		399.728423
10681		3216		-798.848422		399.706956
10691		3108		-798.878309		399.714900
10701		3132		-798.885338		399.714419
10711		3080		-798.883391		399.713565
10721		3168		-798.830706		399.702080
10731		2960		-798.889572		399.715777
10741		3096		-798.915185		399.724234
10751		3152		-798.868198		399.712027
10761		2940		-798.953629		399.733482
10771		2970		-798.965370		399.737257
10781		2944		-798.905853		399.720620
10791		2974		-798.905755		399.721064
10801		3150		-798.853810		399.709471
10811		3177		-798.832300		399.700675
10821		3292		-798.793088		399.691341
10831		3148		-798.846275		399.704736
10841		3112		-798.959506		399.735080
10851		3216		-798.808220		399.696065
10861		3152		-798.847620		399.704447
10871		3086		-798.904609		399.721461
10881		3218		-798.861134		399.710505
10891		3192		-798.815536		399.698467
10901		3082		-798.883405		399.715255
10911		3156		-798.878563		399.714233
10921		3240		-798.855050		399.707353
10931		3134		-798.870003		399.712195
10941		3241		-798.848734		399.708802
10951		3144		-798.812529		399.696649
10961		3200		-798.856309		399.708238
10971		3141		-798.862091		399.710874
10981		3210		-798.829251		399.700392
10991		3258		-798.871076		399.711218
11001		3117		-798.952822		399.734206
11011		3332		-798.817183		399.697938
11021		3054		-798.897378		399.717993
11031		3242		-798.816426		399.696854
11041		3218		-798.834526		399.702925
11051		3270		-798.852593		399.708443
11061		3102		-798.909683		399.721002
11071		3146		-798.890434		399.714389
11081		3093		-798.892158		399.717715
11091		3106		-798.906501		399.719773
11101		3158		-798.915413		399.723629
11111		3307		-798.829628		399.701557
11121		3128		-798.843269		399.705062
11131		3290		-798.806936		399.695445
11141		3280		-798.836011		399.704694
11151		3312		-798.770693		399.687382
11161		3247		-798.870352		399.713108
11171		3204		-798.835556		399.702981
11181		3356		-798.812629		399.696628
11191		3176		-798.833348		399.702082
11201		3068		-798.898670		399.719311
11211		3314		-798.863973		399.709928
11221		3324		-798.815079		399.698601
11231		3192		-798.891283		399.718814
11241		3222		-798.885153		399.716751
11251		3358		-798.845614		399.706693
11261		3293		-798.870083		399.712281
11271		3145		-798.954130		399.733120
11281		3154		-798.902225		399.719528
11291		3279		-798.844744		399.702949
11301		3324		-798.827714		399.701442
11311		3308		-798.865175		399.712139
11321		3336		-798.856638		399.708683
11331		3338		-798.859412		399.708940
11341		3262		-798.902742		399.720307
11351		3290		-798.868470		399.711391
11361		3074		-798.947628		399.732242
11371		3178		-798.915487		399.723859
11381		3138		-798.978297		399.739214
11391		3344		-798.842244		399.704152
11401		3436		-798.828173		399.700903
11411		3218		-798.910875		399.721672
11421		3240		-798.926189		399.725768
11431		3357		-798.851894		399.707987
11441		3386		-798.861288		399.709116
11451		3480		-798.811981		399.696620
11461		3228		-798.904808		399.721141
11471		3540		-798.796966		399.693139
11481		3089		-798.946782		399.732253
11491		3382		-798.849186		399.706901
11501		3388		-798.841840		399.703852
11511		3364		-798.847363		399.706368
11521		3312		-798.883777		399.714435
11531		3322		-798.870870		399.710519
11541		3236		-798.891950		399.718222
11551		3256		-798.884599		399.716388
11561		3218		-798.898365		399.720785
11571		3286		-798.900009		399.720854
11581		3378		-798.894051		399.718677
11591		3498		-798.788025		399.691657
11601		3252		-798.917680		399.725713
11611		3345		-798.891396		399.718026
11621		3450		-798.874451		399.712933
11631		3348		-798.871980		399.712664
11641		3450		-798.863328		399.709303
11651		3427		-798.845078		399.706120
11661		3243		-798.936969		399.728668
11671		3153		-798.932739		399.726673
11681		3273		-798.837428		399.703792
11691		3326		-798.879822		399.712771
11701		3470		-798.844543		399.704641
11711		3464		-798.834942		399.703356
11721		3478		-798.877911		399.712994
11731		3538		-798.786804		399.691075
11741		3402		-798.911847		399.721489
11751		3284		-798.883840		399.716279
11761		3416		-798.873565		399.711929
11771		3448		-798.805539		399.695523
11781		3364		-798.858161		399.708344
11791		3480		-798.808583		399.696548
11801		3286		-798.912296		399.722566
11811		3255		-798.974515		399.739057
11821		3398		-798.878267		399.713391
11831		3514		-798.848111		399.707379
11841		3410		-798.862258		399.708977
11851		3340		-798.916885		399.724749
11861		3564		-798.812916		399.696147
11871		3304		-798.896470		399.719484
11881		3550		-798.813568		399.696490
11891		3370		-798.889244		399.714742
11901		3494		-798.868330		399.711453
11911		3578		-798.832676		399.702964
11921		3433		-798.842379		399.704723
11931		3482		-798.908725		399.723577
11941		3464		-798.919353		399.726154
11951		3496		-798.862020		399.708309
11961		3476		-798.856952		399.707717
11971		3498		-798.862250		399.710801
11981		3414		-798.831817		399.703030
11991		3504		-798.861479		399.709449
12001		3490		-798.818765		399.699192
12011		3368		-798.947631		399.732578
12021		3494		-798.856335		399.708510
12031		3440		-798.822043		399.699111
12041		3416		-798.884146		399.715970
12051		3408		-798.863497		399.710895
12061		3454		-798.882016		399.714452
12071		3362		-798.917737		399.724464
12081		3666		-798.784207		399.690754
12091		3463		-798.897692		399.719626
12101		3571		-798.823238		399.698868
12111		3432		-798.938486		399.730163
12121		3394		-798.947942		399.731705
12131		3596		-798.763828		399.683785
12141		3508		-798.892019		399.716663
12151		3518		-798.886018		399.715908
12161		3574		-798.814571		399.697393
12171		3480		-798.881604		399.714732
12181		3676		-798.758394		399.682128
12191		3679		-798.859158		399.708145
12201		3507		-798.900746		399.719859
12211		3564		-798.829907		399.700762
12221		3743		-798.772932		399.685296
12231		3522		-798.895920		399.718911
12241		3534		-798.908586		399.721755
12251		3584		-798.898376		399.718880
12261		3472		-798.913302		399.722372
12271		3714		-798.778584		399.689186
12281		3596		-798.869147		399.711587
12291		3520		-798.885363		399.715890
12301		3610		-798.825461		399.700837
12311		3542		-798.877102		399.713102
12321		3638		-798.841328		399.703920
12331		3570		-798.873733		399.713892
12341		3572		-798.827972		399.700997
12351		3434		-798.967533		399.737187
12361		3686		-798.815953		399.696788
12371		3538		-798.851184		399.706895
12381		3554		-798.910589		399.720216
12391		3492		-798.910822		399.722863
12401		3630		-798.837836		399.701637
12411		3650		-798.805576		399.694626
12421		3686		-798.869978		399.712100
12431		3682		-798.844180		399.703966
12441		3428		-798.908448		399.721887
12451		3616		-798.916714		399.723556
12461		3484		-798.871680		399.712704
12471		3440		-798.846604		399.705236
12481		3562		-798.891114		399.717330
12491		3538		-798.947402		399.731647
12501		3642		-798.826974		399.700504
12511		3603		-798.856366		399.709056
12521		3586		-798.889546		399.717594
12531		3582		-798.861703		399.711116
12541		3660		-798.908540		399.721872
12551		3680		-798.849494		399.705203
12561		3646		-798.853594		399.708303
12571		3778		-798.846870		399.706785
12581		3780		-798.767348		399.683650
12591		3588		-798.878564		399.714081
12601		3670		-798.884533		399.716372
12611		3632		-798.850210		399.706130
12621		3784		-798.781079		399.689407
12631		3624		-798.867548		399.711820
12641		3711		-798.853255		399.707460
12651		3641		-798.836772		399.703897
12661		3786		-798.778296		399.686755
12671		3840		-798.869229		399.711941
12681		3716		-798.841732		399.703336
12691		3784		-798.802931		399.694902
12701		3750		-798.841036		399.704748
12711		3726		-798.815514		399.698214
12721		3656		-798.911721		399.722034
12731		3704		-798.899379		399.720682
12741		3552		-798.932580		399.728279
12751		3858		-798.807937		399.696808
12761		3772		-798.890996		399.717264
12771		3728		-798.872445		399.713726
12781		3634		-798.852985		399.708474
12791		3618		-798.905168		399.720585
12801		3766		-798.904461		399.720334
12811		3638		-798.865662		399.711030
12821		3624		-798.898370		399.717495
12831		3762		-798.859013		399.709610
12841		3556		-798.892298		399.717623
12851		3874		-798.824372		399.701346
12861		3869		-798.733847		399.676541
12871		3723		-798.879963		399.714707
12881		3742		-798.881143		399.713376
12891		3662		-798.871461		399.713443
12901		3530		-798.936517		399.729323
12911		3775		-798.836651		399.702889
12921		3771		-798.862317		399.710549
12931		3902		-798.756167		399.682159
12941		3711		-798.853875		399.707132
12951		3962		-798.801328		399.693460
12961		3742		-798.905640		399.720083
12971		3734		-798.854367		399.707964
12981		3676		-798.899314		399.717125
12991		3836		-798.810253		399.697021
13001		3748		-798.904084		399.721252
13011		3844		-798.862194		399.709169
13021		3696		-798.833577		399.703402
13031		3798		-798.838462		399.704244
13041		3814		-798.852849		399.705697
13051		3770		-798.873037		399.712972
13061		3960		-798.816936		399.697267
13071		3628		-798.872313		399.713258
13081		3882		-798.846571		399.707209
13091		3792		-798.890230		399.715988
13101		3776		-798.891688		399.718647
13111		3728		-798.858058		399.707269
13121		3760		-798.876915		399.713132
13131		3767		-798.819587		399.700404
13141		3740		-798.866753		399.711590
13151		3910		-798.784579		399.688541
13161		3888		-798.810121		399.697591
13171		3650		-798.893023		399.717713
13181		3920		-798.798574		399.693650
13191		3840		-798.854674		399.707679
13201		3860		-798.821604		399.700023
13211		3754		-798.891530		399.717205
13221		4056		-798.778912		399.687618
13231		3830		-798.919205		399.723679
13241		3792		-798.895552		399.718601
13251		3958		-798.821523		399.699042
13261		4062		-798.791645		399.690823
13271		3924		-798.820888		399.698591
13281		3846		-798.885927		399.716286
13291		3928		-798.817546		399.698443
13301		3925		-798.855124		399.706338
13311		3850		-798.854181		399.709263
13321		3728		-798.886870		399.716388
13331		3923		-798.891006		399.717801
13341		3950		-798.859156		399.708867
13351		3628		-798.920830		399.725414
13361		3764		-798.881521		399.714991
13371		3918		-798.850348		399.708324
13381		3798		-798.933413		399.729168
13391		3890		-798.775894		399.686954
13401		4049		-798.793523		399.692113
13411		3929		-798.848408		399.707255
13421		3894		-798.846882		399.706430
13431		3926		-798.777455		399.688482
13441		3766		-798.868537		399.711629
13451		4034		-798.830719		399.701584
13461		3835		-798.905876		399.720229
13471		3994		-798.784649		399.690298
13481		3758		-798.892367		399.717825
13491		3972		-798.838040		399.703506
13501		3974		-798.891638		399.716614
13511		3834		-798.880616		399.713715
13521		4052		-798.847127		399.706087
13531		3956		-798.795654		399.692410
13541		3992		-798.844103		399.703567
13551		3915		-798.899860		399.718840
13561		3950		-798.803923		399.695450
13571		3918		-798.803920		399.694938
13581		4005		-798.843384		399.706354
13591		3880		-798.851004		399.707453
13601		3830		-798.903904		399.721491
13611		3993		-798.858864		399.709059
13621		3914		-798.895823		399.717936
13631		3818		-798.948867		399.733255
13641		3822		-798.916502		399.723041
13651		3818		-798.970039		399.737162
13661		3876		-798.875924		399.712173
13671		3978		-798.820862		399.699364
13681		4122		-798.817338		399.698706
13691		4054		-798.851800		399.706376
13701		3934		-798.856726		399.708780
13711		4088		-798.824302		399.699074
13721		3873		-798.871802		399.713723
13731		3954		-798.859515		399.709854
13741		3966		-798.909832		399.722145
13751		3930		-798.858556		399.708239
13761		3926		-798.836712		399.701766
13771		4088		-798.833200		399.702128
13781		4108		-798.837530		399.703650
13791		4218		-798.809078		399.695744
13801		3960		-798.853127		399.708427
13811		3914		-798.926653		399.727319
13821		4192		-798.817741		399.696549
13831		4232		-798.803268		399.693442
13841		3994		-798.880428		399.715049
13851		4084		-798.845138		399.704426
13861		4082		-798.878869		399.715028
13871		4010		-798.876217		399.713359
13881		4036		-798.847345		399.704776
13891		4034		-798.870348		399.712476
13901		3985		-798.872024		399.712107
13911		3986		-798.886924		399.716627
13921		4006		-798.909848		399.722003
13931		3996		-798.804106		399.694925
13941		4140		-798.846568		399.706764
13951		3928		-798.915347		399.722887
13961		4168		-798.802378		399.695867
13971		3986		-798.904302		399.720850
13981		4052		-798.838137		399.702596
13991		4046		-798.860410		399.709099
14001		3938		-798.916077		399.723877
14011		4044		-798.846335		399.707087
14021		4036		-798.931603		399.726696
14031		4186		-798.834295		399.703229
14041		4056		-798.839114		399.703867
14051		4120		-798.851612		399.706782
14061		4052		-798.859825		399.710974
14071		3944		-798.952455		399.731362
14081		4044		-798.934735		399.729423
14091		4024		-798.893478		399.717692
14101		3976		-798.924899		399.725268
14111		4068		-798.892495		399.718234
14121		3978		-798.893280		399.719283
14131		4118		-798.868870		399.711981
14141		4072		-798.860052		399.709922
14151		4162		-798.836549		399.703343
14161		4240		-798.860815		399.708354
14171		4082		-798.841013		399.702914
14181		4170		-798.853395		399.706086
14191		4157		-798.842365		399.705024
14201		4195		-798.855292		399.707345
14211		4109		-798.858349		399.708113
14221		4118		-798.894311		399.717038
14231		4190		-798.830160		399.700513
14241		4068		-798.915245		399.724036
14251		4056		-798.849765		399.703880
14261		4272		-798.830096		399.700161
14271		4062		-798.882769		399.716628
14281		4265		-798.869827		399.711645
14291		4166		-798.842068		399.705129
14301		4108		-798.866932		399.712188
14311		4256		-798.783314		399.690029
14321		4284		-798.842818		399.703931
14331		4157		-798.866234		399.711534
14341		4123		-798.912768		399.722892
14351		4236		-798.870601		399.711658
14361		4124		-798.848270		399.706984
14371		4064		-798.878853		399.714564
14381		4166		-798.871567		399.712537
14391		4290		-798.840664		399.704260
14401		4142		-798.920075		399.725297
14411		4256		-798.827562		399.701339
14421		4176		-798.866375		399.709868
14431		4198		-798.884346		399.716721
14441		4498		-798.814487		399.696004
14451		4165		-798.898623		399.717251
14461		4258		-798.842404		399.704308
14471		4356		-798.818050		399.699399
14481		4117		-798.883503		399.715351
14491		4431		-798.817197		399.699124
14501		4076		-798.920626		399.726226
14511		4252		-798.791537		399.691269
14521		4270		-798.810550		399.696715
14531		4352		-798.828986		399.701603
14541		4228		-798.846572		399.706072
14551		4092		-798.856986		399.707649
14561		4251		-798.845134		399.705377
14571		4068		-798.918400		399.724521
14581		4044		-798.943831		399.731020
14591		4044		-798.917963		399.724625
14601		4132		-798.896514		399.718649
14611		4104		-798.906303		399.721032
14621		4145		-798.892825		399.717666
14631		4132		-798.909439		399.721687
14641		4372		-798.817021		399.699201
14651		4172		-798.863695		399.710600
14661		4094		-798.909761		399.721847
14671		4378		-798.846432		399.704042
14681		4114		-798.900075		399.719638
14691		4186		-798.864883		399.708937
14701		4328		-798.869737		399.711856
14711		4260		-798.800082		399.693427
14721		4371		-798.854697		399.708444
14731		4218		-798.880999		399.715294
14741		4400		-798.856523		399.708161
14751		4298		-798.842926		399.704562
14761		4204		-798.906307		399.720886
14771		4350		-798.885654		399.715253
14781		4194		-798.912658		399.722617
14791		4178		-798.893652		399.718477
14801		4370		-798.820350		399.700426
14811		4174		-798.905408		399.721288
14821		4160		-798.842723		399.705013
14831		4361		-798.848358		399.707100
14841		4382		-798.813557		399.698268
14851		4274		-798.891118		399.718537
14861		4250		-798.853913		399.708230
14871		4398		-798.847421		399.706812
14881		4330		-798.896848		399.719105
14891		4294		-798.855685		399.707474
14901		4368		-798.853500		399.707671
14911		4364		-798.844343		399.704648
14921		4326		-798.928758		399.726426
14931		4354		-798.888487		399.716697
14941		4336		-798.873436		399.712067
14951		4366		-798.835396		399.703030
14961		4418		-798.860504		399.707105
14971		4254		-798.879968		399.716118
14981		4348		-798.905280		399.721113
14991		4251		-798.890001		399.717564
15001		4364		-798.876608		399.714952
15011		4371		-798.863234		399.709946
15021		4282		-798.892750		399.716530
15031		4580		-798.787040		399.690905
15041		4320		-798.882787		399.715311
15051		4461		-798.839678		399.704073
15061		4283		-798.880818		399.714096
15071		4284		-798.834848		399.702873
15081		4240		-798.927657		399.726145
15091		4316		-798.888609		399.717050
15101		4356		-798.904179		399.720416
15111		4398		-798.871021		399.711866
15121		4250		-798.907744		399.721315
15131		4626		-798.774965		399.686604
15141		4356		-798.886467		399.717720
15151		4485		-798.836776		399.703122
15161		4414		-798.861817		399.711101
15171		4388		-798.823809		399.699295
15181		4576		-798.811146		399.696463
15191		4470		-798.864328		399.710618
15201		4299		-798.899546		399.718834
15211		4422		-798.886069		399.716389
15221		4419		-798.861836		399.710006
15231		4436		-798.878340		399.713742
15241		4416		-798.865691		399.711305
15251		4394		-798.858829		399.708478
15261		4400		-798.809514		399.695957
15271		4592		-798.831249		399.701919
15281		4602		-798.809502		399.695962
15291		4498		-798.843503		399.706363
15301		4342		-798.851055		399.706686
15311		4554		-798.870093		399.711188
15321		4392		-798.915998		399.725475
15331		4490		-798.819125		399.698650
15341		4480		-798.871782		399.712796
15351		4660		-798.790958		399.690183
15361		4348		-798.859710		399.709264
15371		4466		-798.855767		399.708802
15381		4442		-798.902542		399.720954
15391		4488		-798.867910		399.711130
15401		4408		-798.880592		399.713525
15411		4494		-798.861592		399.710207
15421		4428		-798.827573		399.701705
15431		4240		-798.923466		399.726006
15441		4500		-798.842044		399.704164
15451		4477		-798.853149		399.707333
15461		4648		-798.824138		399.699890
15471		4586		-798.909961		399.722707
15481		4438		-798.870357		399.711001
15491		4618		-798.826674		399.700471
15501		4362		-798.893749		399.716921
15511		4543		-798.899878		399.719038
15521		4650		-798.794923		399.690999
15531		4466		-798.877857		399.715537
15541		4356		-798.878837		399.714175
15551		4538		-798.857951		399.708443
15561		4608		-798.828867		399.701947
15571		4452		-798.880740		399.714855
15581		4374		-798.907387		399.722611
15591		4370		-798.923738		399.724970
15601		4580		-798.832126		399.701942
15611		4571		-798.884633		399.714816
15621		4336		-798.925805		399.727034
15631		4412		-798.888363		399.716973
15641		4502		-798.872962		399.713190
15651		4472		-798.874449		399.714140
15661		4540		-798.827406		399.700785
15671		4716		-798.782209		399.689618
15681		4604		-798.854665		399.708565
15691		4642		-798.852081		399.708623
15701		4404		-798.899178		399.718744
15711		4588		-798.862198		399.709503
15721		4802		-798.761656		399.683481
15731		4533		-798.920857		399.723730
15741		4736		-798.828029		399.699003
15751		4684		-798.831058		399.701860
15761		4406		-798.914536		399.722987
15771		4626		-798.834316		399.703506
15781		4470		-798.866485		399.711172
15791		4648		-798.855044		399.707808
15801		4734		-798.802861		399.694323
15811		4562		-798.880779		399.713744
15821		4412		-798.899437		399.719108
15831		4450		-798.903417		399.720422
15841		4522		-798.840982		399.704059
15851		4614		-798.842723		399.703236
15861		4601		-798.835130		399.703676
15871		4676		-798.859303		399.708273
15881		4574		-798.901329		399.717650
15891		4616		-798.835064		399.704109
15901		4436		-798.910509		399.722659
15911		4730		-798.824964		399.700585
15921		4360		-798.918912		399.724264
15931		4602		-798.865106		399.711255
15941		4501		-798.875604		399.713192
15951		4676		-798.871544		399.712745
15961		4710		-798.857214		399.709291
15971		4726		-798.883226		399.715109
15981		4490		-798.953507		399.733684
15991		4636		-798.848102		399.706585
16001		4578		-798.904068		399.720142
16011		4746		-798.827556		399.700456
16021		4658		-798.829287		399.701517
16031		4634		-798.861705		399.709563
16041		4488		-798.900817		399.720342
16051		4708		-798.828235		399.700579
16061		4566		-798.959965		399.735384
16071		4550		-798.878726		399.713397
16081		4602		-798.891114		399.717182
16091		4846		-798.830899		399.702069
16101		4630		-798.896963		399.719645
16111		4576		-798.913537		399.723543
16121		4701		-798.874263		399.713045
16131		4512		-798.890087		399.717067
16141		4568		-798.866985		399.711790
16151		4753		-798.815677		399.697604
16161		4678		-798.853536		399.709176
16171		4750		-798.854493		399.708243
16181		4538		-798.901675		399.721154
16191		4572		-798.891236		399.716509
16201		4456		-798.909944		399.720388
16211		4798		-798.759854		399.682191
16221		4620		-798.877751		399.713335
16231		4730		-798.878196		399.714251
16241		4760		-798.835540		399.702974
16251		4676		-798.867024		399.710295
16261		4460		-798.927741		399.727077
16271		4590		-798.911929		399.721959
16281		4875		-798.812849		399.697070
16291		4976		-798.781413		399.690258
16301		4690		-798.885467		399.715355
16311		4638		-798.866287		399.712219
16321		4648		-798.905704		399.721341
16331		4696		-798.872084		399.712694
16341		4718		-798.883055		399.714583
16351		4712		-798.903553		399.721730
16361		4778		-798.857772		399.707720
16371		4706		-798.878505		399.714251
16381		4841		-798.847689		399.706367
16391		4802		-798.856690		399.707156
16401		4754		-798.878117		399.713554
16411		4641		-798.914630		399.722991
16421		4816		-798.851227		399.706473
16431		4760		-798.845353		399.705922
16441		4818		-798.885226		399.713399
16451		4640		-798.900006		399.718558
16461		4601		-798.871271		399.712290
16471		4765		-798.887742		399.716350
16481		4818		-798.831624		399.701717
16491		4757		-798.889576		399.718028
16501		4626		-798.933156		399.728380
16511		4656		-798.909091		399.722488
16521		4705		-798.878518		399.713456
16531		4779		-798.844111		399.704313
16541		4860		-798.843117		399.704371
16551		4852		-798.907377		399.721588
16561		4756		-798.875189		399.713423
16571		4746		-798.907006		399.721562
16581		4830		-798.875339		399.712321
16591		4732		-798.892894		399.717558
16601		4694		-798.929703		399.728691
16611		4802		-798.881946		399.714527
16621		4752		-798.857349		399.707960
16631		4733		-798.888822		399.716313
16641		4750		-798.870741		399.712397
16651		4880		-798.847637		399.706084
16661		5118		-798.744853		399.679611
16671		4754		-798.877092		399.713035
16681		4884		-798.887117		399.716444
16691		4850		-798.870529		399.712180
16701		4952		-798.856356		399.707922
16711		4958		-798.824966		399.699120
16721		4974		-798.872316		399.711979
16731		4834		-798.870360		399.711673
16741		4894		-798.847620		399.706350
16751		4816		-798.861680		399.709749
16761		4746		-798.883837		399.715053
16771		4582		-798.910739		399.722259
16781		4852		-798.848698		399.706692
16791		4930		-798.862962		399.709487
16801		4958		-798.857687		399.709065
16811		4864		-798.848135		399.706026
16821		4950		-798.822662		399.698948
16831		4852		-798.851880		399.706613
16841		4710		-798.961819		399.736833
16851		4936		-798.840662		399.702332
16861		4889		-798.862464		399.709507
16871		4927		-798.841325		399.703989
16881		4917		-798.816184		399.697530
16891		4782		-798.895980		399.718312
16901		5130		-798.768594		399.683806
16911		4998		-798.830584		399.701851
16921		5012		-798.863424		399.709946
16931		4880		-798.860079		399.710590
16941		4824		-798.902544		399.720205
16951		5014		-798.842310		399.703734
16961		5066		-798.797948		399.693650
16971		5024		-798.810677		399.697013
16981		4694		-798.873800		399.712973
16991		5074		-798.795127		399.693367
17001		5018		-798.860302		399.709664
17011		4750		-798.948915		399.732761
17021		4964		-798.835791		399.702720
17031		4918		-798.878751		399.713581
17041		4911		-798.851006		399.706707
17051		4750		-798.854965		399.708873
17061		4914		-798.804994		399.694391
17071		5061		-798.839670		399.703825
17081		4853		-798.860957		399.710087
17091		4898		-798.908431		399.721842
17101		4934		-798.864160		399.710075
17111		5036		-798.834200		399.701829
17121		4890		-798.879738		399.715437
17131		4922		-798.882961		399.716304
17141		4974		-798.836241		399.704101
17151		5182		-798.792607		399.692729
17161		5142		-798.818950		399.697454
17171		4804		-798.902568		399.719760
17181		4770		-798.898784		399.718061
17191		5070		-798.821011		399.699029
17201		5044		-798.775885		399.688739
17211		4956		-798.890477		399.717855
17221		4950		-798.862087		399.710121
17231		5152		-798.855551		399.708549
17241		4734		-798.958529		399.734470
17251		4946		-798.884934		399.715611
17261		5032		-798.827646		399.701176
17271		4873		-798.861907		399.710382
17281		5040		-798.861177		399.709623
17291		4950		-798.870395		399.712220
17301		4910		-798.830819		399.701520
17311		4860		-798.936861		399.729305
17321		4996		-798.879279		399.714566
17331		5010		-798.867694		399.711961
17341		5080		-798.863041		399.710282
17351		5002		-798.867616		399.710910
17361		5074		-798.840620		399.703473
17371		4942		-798.896552		399.718496
17381		4912		-798.887521		399.714286
17391		4952		-798.863780		399.710425
17401		5124		-798.890868		399.717028
17411		5134		-798.818218		399.697662
17421		5000		-798.877217		399.712990
17431		4968		-798.898055		399.718088
17441		4826		-798.896852		399.718709
17451		5018		-798.908487		399.722423
17461		4898		-798.933853		399.727965
17471		5001		-798.848377		399.707286
17481		5254		-798.801899		399.695326
17491		5256		-798.826825		399.700760
17501		5102		-798.841209		399.705274
17511		5080		-798.857861		399.708754
17521		5060		-798.880886		399.714400
17531		4942		-798.931493		399.728823
17541		5117		-798.814891		399.695798
17551		5005		-798.829696		399.702239
17561		4994		-798.873640		399.713000
17571		5072		-798.871777		399.713619
17581		5016		-798.874467		399.713441
17591		5124		-798.868740		399.711216
17601		5194		-798.828248		399.701608
17611		5110		-798.879564		399.714951
17621		5338		-798.822087		399.699677
17631		5031		-798.859282		399.709149
17641		4950		-798.905731		399.720197
17651		5010		-798.857175		399.706872
17661		5077		-798.861446		399.709529
17671		5232		-798.829268		399.701771
17681		5076		-798.916803		399.724111
17691		5050		-798.890509		399.718840
17701		5024		-798.836902		399.704310
17711		5173		-798.870984		399.712043
17721		5188		-798.899836		399.719655
17731		5118		-798.883086		399.715188
17741		5192		-798.857111		399.709712
17751		5139		-798.886147		399.715509
17761		5156		-798.871685		399.712516
17771		5156		-798.874346		399.712003
17781		5180		-798.815365		399.697092
17791		4972		-798.925749		399.725592
17801		5172		-798.864558		399.711589
17811		5098		-798.894616		399.718152
17821		5044		-798.906010		399.721789
17831		5316		-798.808816		399.695026
17841		5094		-798.907685		399.721989
17851		4996		-798.893283		399.716879
17861		5162		-798.853816		399.707967
17871		5200		-798.864753		399.710928
17881		4818		-798.939657		399.730664
17891		5197		-798.845006		399.705327
17901		5232		-798.878275		399.714318
17911		5160		-798.869745		399.711462
17921		5194		-798.902070		399.719659
17931		5322		-798.843567		399.705649
17941		5288		-798.830611		399.702023
17951		5292		-798.880731		399.716228
17961		5246		-798.854184		399.708034
17971		5334		-798.888654		399.717100
17981		5152		-798.906179		399.720483
17991		5134		-798.837419		399.703296
18001		5324		-798.824288		399.700794
18011		5353		-798.839154		399.702182
18021		5200		-798.843793		399.706232
18031		5198		-798.854196		399.707615
18041		5097		-798.883210		399.715204
18051		5206		-798.877625		399.714143
18061		5256		-798.828415		399.701678
18071		5312		-798.829506		399.702064
18081		5290		-798.876168		399.713843
18091		5308		-798.850036		399.705378
18101		5118		-798.880946		399.714601
18111		5089		-798.876042		399.714207
18121		5374		-798.865626		399.709398
18131		5322		-798.875958		399.712426
18141		5510		-798.825203		399.699245
18151		5160		-798.878960		399.714176
18161		5198		-798.888828		399.716976
18171		5454		-798.850696		399.707116
18181		5193		-798.863209		399.709587
18191		5153		-798.882304		399.714804
18201		5356		-798.851492		399.707708
18211		5256		-798.922629		399.725001
18221		5561		-798.817848		399.698150
18231		5350		-798.849871		399.706105
18241		5430		-798.849844		399.706705
18251		5272		-798.856391		399.708728
18261		5354		-798.876732		399.712283
18271		5258		-798.904712		399.721745
18281		5278		-798.871615		399.711723
18291		5269		-798.890383		399.716035
18301		5300		-798.854052		399.706355
18311		5118		-798.918683		399.724974
18321		5390		-798.850936		399.707330
18331		5210		-798.917244		399.724838
18341		5484		-798.827327		399.700125
18351		5246		-798.908397		399.722195
18361		5306		-798.864550		399.710255
18371		5170		-798.890643		399.717381
18381		5374		-798.858169		399.709591
18391		5126		-798.909467		399.722038
18401		5348		-798.879409		399.714472
18411		5232		-798.853077		399.707566
18421		5288		-798.880843		399.715651
18431		5496		-798.829147		399.699962
18441		5190		-798.926956		399.727564
18451		5296		-798.890250		399.717630
18461		5480		-798.852717		399.706625
18471		5275		-798.823886		399.698663
18481		5304		-798.851577		399.707483
18491		5268		-798.911038		399.722027
18501		5362		-798.882223		399.713745
18511		5571		-798.803738		399.693912
18521		5300		-798.862696		399.710167
18531		5392		-798.877341		399.712698
18541		5566		-798.819050		399.699153
18551		5310		-798.836289		399.703520
18561		5586		-798.806099		399.697107
18571		5622		-798.812126		399.695978
18581		5510		-798.786072		399.690867
18591		5334		-798.884837		399.717067
18601		5170		-798.922208		399.724854
18611		5196		-798.898071		399.719521
18621		5276		-798.913055		399.722464
18631		5490		-798.795126		399.691053
18641		5543		-798.835041		399.702591
18651		5304		-798.906010		399.720980
18661		5508		-798.843149		399.704839
18671		5448		-798.863050		399.709710
18681		5252		-798.947808		399.731385
18691		5458		-798.883527		399.715050
18701		5290		-798.864446		399.710069
18711		5402		-798.912298		399.721340
18721		5496		-798.839378		399.704182
18731		5492		-798.867332		399.711281
18741		5506		-798.850648		399.706846
18751		5400		-798.850195		399.707002
18761		5355		-798.880443		399.714088
18771		5652		-798.799851		399.693357
18781		5378		-798.882914		399.715457
18791		5356		-798.891810		399.717631
18801		5476		-798.849210		399.706505
18811		5380		-798.898092		399.718888
18821		5502		-798.842995		399.705117
18831		5562		-798.869524		399.711115
18841		5362		-798.883923		399.715408
18851		5738		-798.793486		399.692642
18861		5458		-798.812364		399.695456
18871		5213		-798.909862		399.721795
18881		5256		-798.919125		399.725120
18891		5286		-798.922662		399.725689
18901		5332		-798.936141		399.728268
18911		5154		-798.941780		399.731373
18921		5544		-798.842556		399.704772
18931		5572		-798.860916		399.709999
18941		5487		-798.895518		399.718177
18951		5292		-798.913408		399.723181
18961		5632		-798.818628		399.699172
18971		5625		-798.872806		399.712930
18981		5448		-798.851062		399.705600
18991		5374		-798.885788		399.716392
19001		5450		-798.871638		399.712331
19011		5574		-798.842565		399.705013
19021		5642		-798.853688		399.708217
19031		5498		-798.892964		399.716358
19041		5443		-798.883252		399.715771
19051		5556		-798.877329		399.714136
19061		5662		-798.806149		399.694664
19071		5566		-798.851869		399.706990
19081		5470		-798.884335		399.715214
19091		5586		-798.890996		399.717668
19101		5550		-798.879221		399.714989
19111		5624		-798.837110		399.703835
19121		5465		-798.896710		399.718111
19131		5616		-798.799435		399.693168
19141		5484		-798.839768		399.705031
19151		5394		-798.862096		399.710198
19161		5570		-798.845363		399.705861
19171		5584		-798.877680		399.713943
19181		5532		-798.897242		399.718263
19191		5534		-798.853421		399.707571
19201		5680		-798.827769		399.701682
19211		5580		-798.843579		399.704752
19221		5660		-798.858540		399.708236
19231		5604		-798.871614		399.711819
19241		5390		-798.909828		399.722468
19251		5564		-798.878396		399.713989
19261		5596		-798.844089		399.704377
19271		5548		-798.851954		399.706917
19281		5493		-798.905036		399.721073
19291		5708		-798.788243		399.691151
19301		5733		-798.860163		399.707891
19311		5528		-798.858682		399.709492
19321		5651		-798.867346		399.711092
19331		5430		-798.917387		399.723553
19341		5604		-798.903883		399.721214
19351		5574		-798.867035		399.710816
19361		5586		-798.840143		399.703734
19371		5456		-798.930979		399.727737
19381		5592		-798.850627		399.707033
19391		5374		-798.971688		399.738642
19401		5646		-798.872635		399.711767
19411		5530		-798.861882		399.708722
19421		5769		-798.864940		399.709696
19431		5482		-798.906695		399.721579
19441		5646		-798.870634		399.711229
19451		5566		-798.866485		399.710452
19461		5692		-798.831509		399.701351
19471		5622		-798.884289		399.715577
19481		5504		-798.903342		399.720959
19491		5804		-798.846647		399.704787
19501		5830		-798.849905		399.705964
19511		5612		-798.904413		399.720568
19521		5776		-798.827109		399.700220
19531		5688		-798.900210		399.719113
19541		5800		-798.810501		399.696843
19551		5656		-798.841594		399.704158
19561		5577		-798.886151		399.716170
19571		5630		-798.871596		399.713147
19581		5741		-798.864001		399.709719
19591		5782		-798.851513		399.708029
19601		5726		-798.842304		399.704505
19611		5511		-798.900005		399.720463
19621		5604		-798.885480		399.715407
19631		5710		-798.849167		399.705568
19641		5620		-798.878876		399.713049
19651		5509		-798.922803		399.724899
19661		5566		-798.926199		399.726057
19671		5742		-798.818159		399.698236
19681		5626		-798.909405		399.722067
19691		5740		-798.847595		399.705043
19701		5690		-798.871123		399.711588
19711		5880		-798.840647		399.703414
19721		5834		-798.858881		399.708433
19731		5602		-798.849729		399.707567
19741		5878		-798.816473		399.697989
19751		5640		-798.860817		399.709281
19761		5622		-798.890947		399.715703
19771		5896		-798.834657		399.702898
19781		5815		-798.829382		399.701330
19791		5857		-798.803901		399.694407
19801		5570		-798.873794		399.713449
19811		5684		-798.880218		399.714603
19821		5651		-798.883003		399.715756
19831		5792		-798.828904		399.699965
19841		5698		-798.900055		399.719571
19851		5815		-798.808524		399.696741
19861		5858		-798.821207		399.699411
19871		5996		-798.847969		399.707413
19881		5776		-798.883758		399.715608
19891		5886		-798.852747		399.707104
19901		5654		-798.862369		399.708959
19911		5582		-798.916177		399.724574
19921		5814		-798.869133		399.710958
19931		5722		-798.873714		399.710702
19941		5526		-798.874680		399.712953
19951		5954		-798.850784		399.706782
19961		5986		-798.868193		399.710035
19971		5808		-798.841720		399.704071
19981		5828		-798.849707		399.705821
19991		5732		-798.832475		399.702266
20001		5806		-798.868857		399.711014
20011		5942		-798.805057		399.694468
20021		5832		-798.852605		399.706808
20031		5916		-798.851780		399.706056
20041		5824		-798.850756		399.707999
20051		5754		-798.868685		399.711137
20061		5923		-798.845122		399.705997
20071		5782		-798.887151		399.715311
20081		5962		-798.862009		399.709178
20091		5825		-798.845652		399.704843
20101		5752		-798.925626		399.726979
20111		5746		-798.886977		399.716474
20121		5830		-798.871627		399.712340
20131		5786		-798.898415		399.718345
20141		5815		-798.883670		399.715108
20151		5724		-798.868146		399.712471
20161		5694		-798.879619		399.714597
20171		5706		-798.901195		399.721085
20181		6054		-798.805807		399.695456
20191		6118		-798.777871		399.687782
20201		5705		-798.887382		399.715559
20211		6048		-798.797684		399.692346
20221		5916		-798.820632		399.698630
20231		6092		-798.786615		399.689882
20241		5852		-798.861716		399.709698
20251		5922		-798.849242		399.707274
20261		5782		-798.868565		399.711860
20271		5918		-798.857086		399.707957
20281		5618		-798.937725		399.729501
20291		5968		-798.818195		399.698783
20301		6068		-798.823506		399.698833
20311		5586		-798.908572		399.722810
20321		5942		-798.846907		399.706314
20331		5953		-798.865968		399.711180
20341		5868		-798.936925		399.729610
20351		5816		-798.879858		399.714903
20361		5878		-798.919110		399.724473
20371		5970		-798.860537		399.708605
20381		5754		-798.893872		399.719052
20391		5868		-798.895591		399.718994
20401		5691		-798.895936		399.717171
20411		5770		-798.898829		399.718191
20421		5956		-798.813770		399.696979
20431		5924		-798.812393		399.696833
20441		5914		-798.851328		399.706766
20451		6092		-798.826854		399.700357
20461		6068		-798.854797		399.708225
20471		5932		-798.836403		399.703971
20481		5896		-798.878766		399.714662
20491		5844		-798.875214		399.713435
20501		6128		-798.842203		399.704112
20511		5756		-798.895812		399.718883
20521		6010		-798.827153		399.701184
20531		5746		-798.915786		399.724319
20541		5952		-798.868215		399.711991
20551		5802		-798.866041		399.711255
20561		6246		-798.810369		399.696416
20571		5826		-798.894755		399.718536
20581		5928		-798.894514		399.717312
20591		5933		-798.851926		399.706474
20601		6050		-798.857531		399.708752
20611		5838		-798.870118		399.711028
20621		5806		-798.898405		399.718927
20631		5944		-798.878969		399.714701
20641		5942		-798.840172		399.703406
20651		5966		-798.849838		399.705583
20661		6158		-798.870723		399.709888
20671		5943		-798.889265		399.717575
20681		5938		-798.877617		399.714424
20691		6334		-798.805858		399.696293
20701		5982		-798.863823		399.710545
20711		6038		-798.835208		399.703153
20721		6142		-798.834033		399.702717
20731		5970		-798.878588		399.714244
20741		6083		-798.859264		399.709368
20751		6046		-798.859814		399.709315
20761		6088		-798.827224		399.701459
20771		5856		-798.886139		399.716624
20781		6136		-798.832395		399.702420
20791		5886		-798.886441		399.717474
20801		5814		-798.923513		399.726455
20811		6278		-798.830811		399.701888
20821		5805		-798.901686		399.719514
20831		5878		-798.885507		399.715232
20841		6082		-798.862435		399.709899
20851		5908		-798.906144		399.720109
20861		5952		-798.877523		399.714971
20871		6024		-798.881702		399.715490
20881		6114		-798.862123		399.709784
20891		6100		-798.882007		399.714710
20901		6084		-798.850964		399.707478
20911		6112		-798.884606		399.715939
20921		6082		-798.882463		399.714258
20931		6200		-798.836940		399.704553
20941		6072		-798.866912		399.711571
20951		6152		-798.841487		399.704453
20961		6120		-798.873336		399.713754
20971		6163		-798.845263		399.705975
20981		6140		-798.865640		399.711453
20991		5951		-798.918775		399.724739
21001		6250		-798.817771		399.697633
21011		6153		-798.855837		399.709010
21021		6090		-798.851815		399.707150
21031		5896		-798.889829		399.716038
21041		6010		-798.867544		399.710660
21051		6090		-798.895634		399.717733
21061		5964		-798.878116		399.714069
21071		6156		-798.838593		399.704143
21081		6209		-798.840283		399.705517
21091		5906		-798.914608		399.722536
21101		6248		-798.834937		399.703426
21111		6228		-798.806120		399.694283
21121		6140		-798.857440		399.708631
21131		6236		-798.856656		399.709053
21141		6165		-798.879712		399.714394
21151		6106		-798.869462		399.711503
21161		5946		-798.907235		399.721752
21171		6404		-798.775495		399.687308
21181		6184		-798.835371		399.702658
21191		6218		-798.868199		399.711576
21201		6112		-798.893071		399.718598
21211		6123		-798.866626		399.711282
21221		6212		-798.824184		399.699354
21231		6028		-798.895577		399.717960
21241		6220		-798.850902		399.706229
21251		6092		-798.884005		399.716155
21261		6132		-798.886412		399.716382
21271		6267		-798.847257		399.705891
21281		5978		-798.889338		399.717964
21291		6099		-798.884599		399.716594
21301		6230		-798.852260		399.707432
21311		5869		-798.941016		399.729623
21321		6252		-798.814877		399.697763
21331		6456		-798.773991		399.686841
21341		6028		-798.877841		399.713790
21351		6180		-798.887172		399.716360
21361		6056		-798.881700		399.715088
21371		6044		-798.897197		399.717842
21381		6002		-798.876386		399.713671
21391		6196		-798.863821		399.711748
21401		6253		-798.869959		399.711509
21411		6338		-798.843585		399.705198
21421		6162		-798.889127		399.716540
21431		6168		-798.862209		399.709300
21441		6086		-798.895201		399.719323
21451		6152		-798.888443		399.717402
21461		6096		-798.906295		399.721262
21471		6000		-798.911089		399.721578
21481		6351		-798.808249		399.695638
21491		6234		-798.841189		399.703690
21501		6244		-798.833357		399.703177
21511		6258		-798.872391		399.712519
21521		6169		-798.885740		399.715812
21531		6088		-798.922484		399.724676
21541		6274		-798.873404		399.713941
21551		6106		-798.879124		399.714909
21561		6364		-798.853114		399.708455
21571		6490		-798.822864		399.699319
21581		6336		-798.875492		399.712988
21591		6156		-798.904544		399.720161
21601		6152		-798.880052		399.715569
21611		6210		-798.843182		399.704687
21621		6360		-798.850007		399.706489
21631		6280		-798.853497		399.708659
21641		6390		-798.833326		399.701862
21651		6183		-798.893169		399.718073
21661		6453		-798.825354		399.700106
21671		6402		-798.864289		399.710304
21681		6164		-798.880494		399.714773
21691		6032		-798.857775		399.708912
21701		6422		-798.871941		399.712732
21711		6302		-798.887753		399.716457
21721		6168		-798.875558		399.712444
21731		6258		-798.888224		399.717638
21741		6166		-798.946691		399.731935
21751		6374		-798.878764		399.714588
21761		6222		-798.839575		399.704425
21771		6288		-798.854991		399.707960
21781		6398		-798.828520		399.700106
21791		6370		-798.893305		399.718324
21801		6358		-798.862071		399.708912
21811		6440		-798.843336		399.705103
21821		6232		-798.845699		399.705238
21831		6224		-798.902845		399.719665
21841		6318		-798.776247		399.686644
21851		6386		-798.861562		399.710677
21861		6356		-798.850922		399.707516
21871		6246		-798.905217		399.721000
21881		6344		-798.858919		399.708057
21891		6326		-798.841350		399.704627
21901		6422		-798.825259		399.700379
21911		6290		-798.901556		399.719319
21921		6316		-798.804617		399.694175
21931		6320		-798.860426		399.708358
21941		6418		-798.844538		399.705574
21951		6347		-798.863104		399.710264
21961		6330		-798.877465		399.713856
21971		6488		-798.874152		399.712166
21981		6260		-798.874119		399.713116
21991		6392		-798.858624		399.708426
22001		6236		-798.905322		399.721013
22011		6304		-798.896007		399.717868
22021		6442		-798.867445		399.712093
22031		6250		-798.892107		399.717489
22041		6452		-798.828728		399.701012
22051		6281		-798.900730		399.720103
22061		6330		-798.884910		399.715879
22071		6468		-798.880159		399.714467
22081		6265		-798.885195		399.716136
22091		6476		-798.860350		399.708931
22101		6242		-798.907561		399.721008
22111		6654		-798.828095		399.701506
22121		6464		-798.832241		399.702455
22131		6500		-798.856626		399.708825
22141		6552		-798.801138		399.694955
22151		6330		-798.882398		399.716130
22161		6514		-798.866116		399.711024
22171		6236		-798.888819		399.716386
22181		6272		-798.903025		399.719940
22191		6488		-798.834302		399.700870
22201		6534		-798.879510		399.713977
22211		6305		-798.881095		399.714916
22221		6588		-798.827596		399.700374
22231		6485		-798.869866		399.711214
22241		6544		-798.852749		399.708197
22251		6408		-798.844996		399.705721
22261		6248		-798.885585		399.714838
22271		6550		-798.825019		399.701316
22281		6284		-798.913693		399.723172
22291		6328		-798.903234		399.721143
22301		6348		-798.888301		399.716156
22311		6308		-798.901349		399.720676
22321		6478		-798.833386		399.702791
22331		6670		-798.827818		399.701133
22341		6634		-798.828343		399.701267
22351		6310		-798.895620		399.718939
22361		6466		-798.833147		399.702160
22371		6588		-798.854589		399.706674
22381		6519		-798.837049		399.702962
22391		6370		-798.920280		399.725068
22401		6362		-798.882193		399.715013
22411		6498		-798.900361		399.720227
22421		6440		-798.851969		399.707417
22431		6450		-798.849628		399.705319
22441		6516		-798.848714		399.706787
22451		6152		-798.977150		399.739967
22461		6738		-798.856863		399.708651
22471		6418		-798.875706		399.714298
22481		6432		-798.852008		399.707575
22491		6640		-798.885243		399.714730
22501		6564		-798.876317		399.713702
22511		6366		-798.857625		399.709120
22521		6860		-798.784246		399.689889
22531		6668		-798.872842		399.712929
22541		6694		-798.832172		399.701255
22551		6466		-798.883597		399.714780
22561		6584		-798.857675		399.708435
22571		6426		-798.920030		399.724691
22581		6694		-798.861875		399.709667
22591		6824		-798.801293		399.693329
22601		6522		-798.872085		399.712491
22611		6690		-798.850294		399.706072
22621		6472		-798.870961		399.712745
22631		6652		-798.883478		399.715435
22641		6447		-798.897045		399.719712
22651		6566		-798.891351		399.718246
22661		6732		-798.816469		399.698160
22671		6712		-798.828812		399.702175
22681		6500		-798.886469		399.716503
22691		6617		-798.862456		399.710370
22701		6442		-798.873354		399.713581
22711		6486		-798.888997		399.716525
22721		6574		-798.871352		399.713481
22731		6458		-798.866218		399.710352
22741		6376		-798.890638		399.716987
22751		6672		-798.872313		399.712013
22761		6792		-798.819208		399.698432
22771		6612		-798.834834		399.703131
22781		6638		-798.833589		399.702910
22791		6660		-798.834979		399.703655
22801		6460		-798.870927		399.711855
22811		6668		-798.842839		399.703827
22821		6613		-798.876824		399.713422
22831		6718		-798.855241		399.707941
22841		6540		-798.892343		399.718926
22851		6647		-798.843639		399.704608
22861		6774		-798.862342		399.709811
22871		6501		-798.858642		399.709414
22881		6812		-798.828897		399.701586
22891		6576		-798.856319		399.708444
22901		6655		-798.836907		399.704991
22911		6684		-798.840557		399.704334
22921		6706		-798.869334		399.712229
22931		6494		-798.884654		399.715494
22941		6517		-798.890022		399.716926
22951		6570		-798.880572		399.714609
22961		6696		-798.846566		399.704978
22971		6672		-798.846197		399.705281
22981		6626		-798.890214		399.717071
22991		6590		-798.878170		399.715454
23001		6779		-798.845268		399.705317
23011		6428		-798.925210		399.726566
23021		6580		-798.867816		399.711394
23031		6514		-798.866224		399.710911
23041		6604		-798.908207		399.721193
23051		6540		-798.927248		399.726433
23061		6636		-798.847405		399.706431
23071		6734		-798.853106		399.707078
23081		6645		-798.876478		399.713704
23091		6654		-798.860162		399.710970
23101		6892		-798.811307		399.695511
23111		6740		-798.878629		399.713556
23121		6960		-798.788461		399.690498
23131		6934		-798.824089		399.700056
23141		6463		-798.912407		399.722138
23151		6474		-798.936374		399.729429
23161		6910		-798.839083		399.704849
23171		6546		-798.914505		399.722584
23181		6570		-798.888745		399.716319
23191		6654		-798.883015		399.715493
23201		6934		-798.825913		399.699927
23211		6616		-798.883977		399.714877
23221		6638		-798.871022		399.712846
23231		6590		-798.891481		399.717791
23241		6544		-798.848414		399.706295
23251		6814		-798.857684		399.708916
23261		6708		-798.854907		399.707063
23271		6706		-798.883245		399.714323
23281		7060		-798.803144		399.694343
23291		6766		-798.864282		399.711305
23301		6678		-798.883138		399.714605
23311		6872		-798.841234		399.705204
23321		6600		-798.889584		399.717336
23331		6906		-798.828169		399.699799
23341		6632		-798.888994		399.717493
23351		6748		-798.873196		399.712732
23361		6662		-798.916998		399.724070
23371		6762		-798.863549		399.708870
23381		6790		-798.886275		399.714555
23391		6814		-798.846394		399.706126
23401		6608		-798.882612		399.715653
23411		6772		-798.897441		399.718765
23421		6960		-798.843260		399.704282
23431		6751		-798.861508		399.708591
23441		6976		-798.841517		399.705473
23451		6608		-798.900175		399.720097
23461		6798		-798.888368		399.716039
23471		6636		-798.898897		399.719484
23481		6896		-798.816916		399.698820
23491		6834		-798.849943		399.706526
23501		6828		-798.882431		399.713970
23511		6952		-798.838501		399.704138
23521		6772		-798.857872		399.708941
23531		6747		-798.843908		399.705580
23541		6932		-798.850176		399.706470
23551		6802		-798.868158		399.711180
23561		6948		-798.859811		399.709520
23571		6946		-798.828391		399.701158
23581		6963		-798.858233		399.708240
23591		6878		-798.837862		399.705396
23601		6842		-798.846829		399.705690
23611		7050		-798.846639		399.706069
23621		6950		-798.830701		399.701960
23631		7050		-798.822225		399.698108
23641		6790		-798.817309		399.697982
23651		6906		-798.848083		399.706651
23661		6846		-798.817632		399.697815
23671		6732		-798.884880		399.715179
23681		6656		-798.931295		399.727292
23691		6804		-798.885484		399.715504
23701		6636		-798.904688		399.721615
23711		6950		-798.877989		399.714310
23721		6932		-798.847098		399.705746
23731		6892		-798.849775		399.707050
23741		6834		-798.860874		399.709869
23751		6623		-798.901604		399.720601
23761		6706		-798.906275		399.721813
23771		6910		-798.842455		399.704177
23781		6838		-798.868508		399.711450
23791		7018		-798.841747		399.703501
23801		6832		-798.888114		399.716230
23811		6740		-798.899836		399.719877
23821		6700		-798.895764		399.719071
23831		6904		-798.852923		399.706685
23841		6904		-798.832599		399.701858
23851		6792		-798.920465		399.725043
23861		6730		-798.904656		399.721051
23871		6621		-798.939801		399.729630
23881		6880		-798.860014		399.709392
23891		7162		-798.807584		399.695701
23901		6720		-798.903812		399.720346
23911		6895		-798.873155		399.712099
23921		6937		-798.851386		399.707872
23931		6840		-798.865739		399.710585
23941		7048		-798.858360		399.708116
23951		6958		-798.841301		399.704396
23961		6878		-798.881516		399.714620
23971		6972		-798.845605		399.704977
23981		7056		-798.885785		399.715275
23991		6865		-798.889750		399.717394
24001		7046		-798.849048		399.705679
24011		6914		-798.878847		399.713048
24021		6734		-798.914783		399.723242
24031		6974		-798.846656		399.706379
24041		6974		-798.864939		399.710162
24051		7238		-798.800715		399.694316
24061		6746		-798.924234		399.726445
24071		6648		-798.933821		399.728968
24081		6701		-798.920809		399.725427
24091		7114		-798.836744		399.703043
24101		6820		-798.850504		399.706651
24111		6984		-798.825266		399.700469
24121		6830		-798.878985		399.714274
24131		7010		-798.874311		399.712900
24141		7094		-798.839650		399.703823
24151		7056		-798.854209		399.706844
24161		6829		-798.887960		399.716651
24171		6872		-798.906127		399.720574
24181		7368		-798.811960		399.696952
24191		7152		-798.783515		399.689967
24201		7010		-798.864675		399.711004
24211		7252		-798.832432		399.702862
24221		6890		-798.880641		399.715454
24231		6756		-798.915934		399.723742
24241		7058		-798.856483		399.708758
24251		6830		-798.894396		399.716960
24261		7188		-798.863031		399.709657
24271		7122		-798.824770		399.700630
24281		7162		-798.836127		399.703142
24291		6882		-798.901980		399.720473
24301		6966		-798.888441		399.715567
24311		7048		-798.866357		399.710337
24321		7110		-798.891493		399.718268
24331		6944		-798.893428		399.718795
24341		7094		-798.837681		399.702888
24351		7216		-798.804320		399.694386
24361		7052		-798.874430		399.712902
24371		6934		-798.871281		399.712691
24381		7194		-798.851893		399.707477
24391		7100		-798.865155		399.710713
24401		7143		-798.836113		399.702225
24411		7033		-798.888862		399.717095
24421		7076		-798.833627		399.703042
24431		6778		-798.912529		399.722975
24441		7096		-798.799722		399.694039
24451		6970		-798.852562		399.707006
24461		7010		-798.853685		399.707698
24471		7206		-798.870336		399.712231
24481		7218		-798.797598		399.692741
24491		6888		-798.873709		399.713527
24501		7032		-798.874821		399.712991
24511		7156		-798.859614		399.708621
24521		6962		-798.893357		399.717385
24531		6680		-798.958705		399.734785
24541		6912		-798.867202		399.710933
24551		6996		-798.844039		399.703963
24561		6842		-798.936688		399.728431
24571		7148		-798.838468		399.702983
24581		7256		-798.827387		399.701558
24591		7150		-798.838925		399.703550
24601		7020		-798.898419		399.718629
24611		7044		-798.874487		399.713380
24621		6952		-798.936193		399.729418
24631		7200		-798.862734		399.710121
24641		7066		-798.886409		399.716164
24651		7103		-798.870147		399.712060
24661		7126		-798.853250		399.706176
24671		7024		-798.877386		399.714402
24681		7084		-798.836190		399.703335
24691		7272		-798.850269		399.706533
24701		7134		-798.849925		399.706733
24711		7272		-798.845049		399.704585
24721		7208		-798.851988		399.707698
24731		7136		-798.849056		399.707007
24741		7034		-798.918071		399.723778
24751		7472		-798.803281		399.694800
24761		7234		-798.841727		399.704858
24771		7230		-798.829438		399.700860
24781		7102		-798.864291		399.711150
24791		6954		-798.885079		399.716107
24801		7292		-798.815532		399.696464
24811		7050		-798.879529		399.715288
24821		7136		-798.851779		399.706861
24831		7196		-798.807620		399.695381
24841		7268		-798.849966		399.707178
24851		7055		-798.867168		399.711400
24861		7092		-798.888218		399.715860
24871		7432		-798.848780		399.704797
24881		7470		-798.837507		399.702343
24891		7122		-798.913021		399.722711
24901		7378		-798.862375		399.709570
24911		7090		-798.889326		399.716832
24921		7362		-798.838088		399.703944
24931		7088		-798.864225		399.711203
24941		7147		-798.853133		399.706908
24951		7171		-798.856639		399.708148
24961		7150		-798.886102		399.716838
24971		7118		-798.903368		399.720556
24981		7272		-798.843761		399.705856
24991		7039		-798.884879		399.715177
25001		7348		-798.855406		399.708412
25011		7154		-798.866259		399.710447
25021		7376		-798.851205		399.704089
25031		7252		-798.868923		399.711318
25041		7214		-798.881994		399.715027
25051		7138		-798.909744		399.721688
25061		7340		-798.818084		399.697139
25071		7441		-798.836584		399.703003
25081		7210		-798.847733		399.705594
25091		7332		-798.884859		399.714798
25101		7362		-798.850723		399.706546
25111		7246		-798.893712		399.717733
25121		7267		-798.865173		399.709805
25131		7150		-798.843500		399.705782
25141		7058		-798.897578		399.717593
25151		7085		-798.897380		399.718580
25161		7285		-798.848059		399.705179
25171		7272		-798.867268		399.710540
25181		7354		-798.838648		399.704380
25191		7280		-798.867850		399.711008
25201		7332		-798.880679		399.714853
25211		7530		-798.840823		399.703859
25221		7490		-798.865549		399.710717
25231		7514		-798.796401		399.692204
25241		7382		-798.810031		399.696605
25251		7375		-798.855332		399.708210
25261		7132		-798.881121		399.714896
25271		7410		-798.849432		399.706462
25281		7161		-798.904790		399.721609
25291		7132		-798.882132		399.715630
25301		7478		-798.823288		399.699221
25311		7306		-798.837818		399.703449
25321		7436		-798.858655		399.709411
25331		7424		-798.835893		399.703446
25341		7424		-798.839825		399.704510
25351		7248		-798.863635		399.710386
25361		7410		-798.833011		399.701668
25371		7306		-798.875724		399.712901
25381		7554		-798.809346		399.695914
25391		7372		-798.865897		399.710527
25401		7389		-798.847604		399.705287
25411		7494		-798.824918		399.699972
25421		7549		-798.831832		399.701900
25431		7300		-798.870512		399.711533
25441		7434		-798.845014		399.704493
25451		7368		-798.868099		399.710817
25461		7360		-798.800990		399.693885
25471		7302		-798.883279		399.715991
25481		7346		-798.855304		399.707468
25491		7284		-798.871131		399.712997
25501		7266		-798.875966		399.712874
25511		7456		-798.835483		399.702638
25521		7730		-798.768230		399.685671
25531		7272		-798.886373		399.715718
25541		7418		-798.861908		399.709408
25551		7596		-798.829478		399.700442
25561		7344		-798.877822		399.714722
25571		7584		-798.825545		399.699503
25581		7414		-798.873852		399.712834
25591		7322		-798.885546		399.716697
25601		7306		-798.846608		399.705871
25611		7340		-798.899379		399.719496
25621		7244		-798.902151		399.719839
25631		7438		-798.840935		399.703718
25641		7322		-798.899419		399.719200
25651		7371		-798.921212		399.725703
25661		7506		-798.881727		399.715522
25671		7194		-798.912859		399.722255
25681		7377		-798.880885		399.714653
25691		7516		-798.888171		399.715854
25701		7430		-798.862612		399.710517
25711		7210		-798.916728		399.723931
25721		7451		-798.866607		399.710198
25731		7526		-798.883370		399.716062
25741		7454		-798.858786		399.709335
25751		7374		-798.906450		399.721487
25761		7412		-798.866814		399.711036
25771		7580		-798.830003		399.702068
25781		7220		-798.913153		399.723052
25791		7388		-798.918693		399.725098
25801		7350		-798.888415		399.716523
25811		7390		-798.882647		399.714850
25821		7422		-798.869602		399.711320
25831		7396		-798.916031		399.724362
25841		7400		-798.901590		399.719902
25851		7564		-798.847395		399.706549
25861		7484		-798.873052		399.712695
25871		7600		-798.851223		399.706157
25881		7604		-798.853058		399.706735
25891		7584		-798.833108		399.703063
25901		7681		-798.847458		399.706112
25911		7772		-798.831384		399.701748
25921		7462		-798.877049		399.712974
25931		7294		-798.939956		399.729590
25941		7500		-798.855865		399.707953
25951		7708		-798.873724		399.712843
25961		7622		-798.861523		399.710258
